time, s	APT pos, mm	APL pos, mm	APR pos, mm	APB pos, mm	TH1992B_1.VOLT1	TH1992B_1.CURR1	TH1992B_1.RES1	TH1992B_1.VOLT2	TH1992B_1.CURR2	TH1992B_1.RES2	TH2690A_1.VOLT	TH2690A_1.CURR
1.543	21.000	20.000	21.000	21.000	-2.400e+01	-1.384e-09	1.734e+10	-2.400e+01	-5.028e-09	4.774e+09	2.190e+01	-4.558e-07
2.417	21.000	19.900	21.000	21.000	-2.400e+01	-1.358e-09	1.767e+10	-2.400e+01	-5.040e-09	4.762e+09	2.190e+01	-4.558e-07
3.130	21.000	19.800	21.000	21.000	-2.400e+01	-1.359e-09	1.766e+10	-2.400e+01	-5.032e-09	4.770e+09	2.190e+01	-4.558e-07
3.847	21.000	19.700	21.000	21.000	-2.400e+01	-1.388e-09	1.730e+10	-2.400e+01	-5.094e-09	4.711e+09	2.190e+01	-4.558e-07
4.563	21.000	19.600	21.000	21.000	-2.400e+01	-1.341e-09	1.789e+10	-2.400e+01	-5.029e-09	4.772e+09	2.190e+01	-4.558e-07
5.273	21.000	19.500	21.000	21.000	-2.400e+01	-1.363e-09	1.761e+10	-2.400e+01	-5.061e-09	4.742e+09	2.190e+01	-4.558e-07
5.983	21.000	19.400	21.000	21.000	-2.400e+01	-1.348e-09	1.780e+10	-2.400e+01	-5.023e-09	4.778e+09	2.190e+01	-4.558e-07
6.722	21.000	19.300	21.000	21.000	-2.400e+01	-1.360e-09	1.764e+10	-2.400e+01	-5.042e-09	4.760e+09	2.190e+01	-4.557e-07
7.436	21.000	19.200	21.000	21.000	-2.400e+01	-1.324e-09	1.812e+10	-2.400e+01	-5.048e-09	4.754e+09	2.190e+01	-4.557e-07
8.163	21.000	19.100	21.000	21.000	-2.400e+01	-1.389e-09	1.728e+10	-2.400e+01	-5.060e-09	4.743e+09	2.190e+01	-4.557e-07
8.893	21.000	19.000	21.000	21.000	-2.400e+01	-1.413e-09	1.699e+10	-2.400e+01	-5.006e-09	4.794e+09	2.190e+01	-4.557e-07
9.624	21.000	18.900	21.000	21.000	-2.400e+01	-1.365e-09	1.758e+10	-2.400e+01	-5.057e-09	4.746e+09	2.190e+01	-4.557e-07
10.353	21.000	18.800	21.000	21.000	-2.400e+01	-1.331e-09	1.803e+10	-2.400e+01	-5.061e-09	4.742e+09	2.190e+01	-4.557e-07
11.083	21.000	18.700	21.000	21.000	-2.400e+01	-1.356e-09	1.770e+10	-2.400e+01	-5.048e-09	4.754e+09	2.190e+01	-4.557e-07
11.814	21.000	18.600	21.000	21.000	-2.400e+01	-1.376e-09	1.744e+10	-2.400e+01	-5.037e-09	4.765e+09	2.190e+01	-4.557e-07
12.553	21.000	18.500	21.000	21.000	-2.400e+01	-1.395e-09	1.720e+10	-2.400e+01	-5.029e-09	4.772e+09	2.190e+01	-4.557e-07
13.293	21.000	18.400	21.000	21.000	-2.400e+01	-1.311e-09	1.831e+10	-2.400e+01	-5.018e-09	4.783e+09	2.190e+01	-4.556e-07
14.033	21.000	18.300	21.000	21.000	-2.400e+01	-1.425e-09	1.684e+10	-2.400e+01	-5.028e-09	4.774e+09	2.190e+01	-4.556e-07
14.775	21.000	18.200	21.000	21.000	-2.400e+01	-1.375e-09	1.746e+10	-2.400e+01	-5.082e-09	4.722e+09	2.190e+01	-4.556e-07
15.513	21.000	18.100	21.000	21.000	-2.400e+01	-1.354e-09	1.772e+10	-2.400e+01	-5.016e-09	4.785e+09	2.190e+01	-4.556e-07
16.254	21.000	18.000	21.000	21.000	-2.400e+01	-1.328e-09	1.807e+10	-2.400e+01	-5.088e-09	4.717e+09	2.190e+01	-4.556e-07
16.993	21.000	17.900	21.000	21.000	-2.400e+01	-1.450e-09	1.656e+10	-2.400e+01	-5.042e-09	4.760e+09	2.190e+01	-4.556e-07
17.738	21.000	17.800	21.000	21.000	-2.400e+01	-1.456e-09	1.649e+10	-2.400e+01	-5.032e-09	4.770e+09	2.190e+01	-4.556e-07
18.483	21.000	17.700	21.000	21.000	-2.400e+01	-1.496e-09	1.605e+10	-2.400e+01	-5.074e-09	4.730e+09	2.190e+01	-4.556e-07
19.216	21.000	17.600	21.000	21.000	-2.400e+01	-1.491e-09	1.610e+10	-2.400e+01	-5.033e-09	4.768e+09	2.190e+01	-4.556e-07
19.954	21.000	17.500	21.000	21.000	-2.400e+01	-1.522e-09	1.577e+10	-2.400e+01	-5.009e-09	4.792e+09	2.190e+01	-4.556e-07
20.694	21.000	17.400	21.000	21.000	-2.400e+01	-1.540e-09	1.558e+10	-2.400e+01	-5.069e-09	4.735e+09	2.190e+01	-4.556e-07
21.434	21.000	17.300	21.000	21.000	-2.400e+01	-1.602e-09	1.498e+10	-2.400e+01	-5.013e-09	4.787e+09	2.190e+01	-4.556e-07
22.173	21.000	17.200	21.000	21.000	-2.400e+01	-1.630e-09	1.472e+10	-2.400e+01	-5.058e-09	4.745e+09	2.190e+01	-4.556e-07
22.913	21.000	17.100	21.000	21.000	-2.400e+01	-1.647e-09	1.457e+10	-2.400e+01	-5.064e-09	4.740e+09	2.190e+01	-4.556e-07
23.672	21.000	17.000	21.000	21.000	-2.400e+01	-1.695e-09	1.416e+10	-2.400e+01	-5.045e-09	4.757e+09	2.190e+01	-4.556e-07
24.413	21.000	16.900	21.000	21.000	-2.400e+01	-1.850e-09	1.297e+10	-2.400e+01	-5.063e-09	4.741e+09	2.190e+01	-4.556e-07
25.158	21.000	16.800	21.000	21.000	-2.400e+01	-1.908e-09	1.258e+10	-2.400e+01	-4.992e-09	4.808e+09	2.190e+01	-4.556e-07
25.907	21.000	16.700	21.000	21.000	-2.400e+01	-2.072e-09	1.158e+10	-2.400e+01	-5.027e-09	4.774e+09	2.190e+01	-4.556e-07
26.673	21.000	16.600	21.000	21.000	-2.400e+01	-2.195e-09	1.094e+10	-2.400e+01	-5.019e-09	4.782e+09	2.190e+01	-4.556e-07
27.413	21.000	16.500	21.000	21.000	-2.400e+01	-2.370e-09	1.013e+10	-2.400e+01	-5.053e-09	4.750e+09	2.190e+01	-4.556e-07
28.163	21.000	16.400	21.000	21.000	-2.400e+01	-2.659e-09	9.027e+09	-2.400e+01	-5.024e-09	4.777e+09	2.190e+01	-4.556e-07
28.903	21.000	16.300	21.000	21.000	-2.400e+01	-2.942e-09	8.158e+09	-2.400e+01	-5.030e-09	4.772e+09	2.190e+01	-4.556e-07
29.631	21.000	16.200	21.000	21.000	-2.400e+01	-3.331e-09	7.204e+09	-2.400e+01	-4.994e-09	4.805e+09	2.190e+01	-4.555e-07
30.374	21.000	16.100	21.000	21.000	-2.400e+01	-3.892e-09	6.167e+09	-2.400e+01	-5.082e-09	4.723e+09	2.190e+01	-4.555e-07
31.123	21.000	16.000	21.000	21.000	-2.400e+01	-4.555e-09	5.268e+09	-2.400e+01	-5.062e-09	4.741e+09	2.190e+01	-4.555e-07
31.874	21.000	15.900	21.000	21.000	-2.400e+01	-5.361e-09	4.477e+09	-2.400e+01	-5.083e-09	4.721e+09	2.190e+01	-4.555e-07
32.685	21.000	15.800	21.000	21.000	-2.400e+01	-6.381e-09	3.761e+09	-2.400e+01	-5.072e-09	4.732e+09	2.190e+01	-4.556e-07
33.424	21.000	15.700	21.000	21.000	-2.400e+01	-7.648e-09	3.138e+09	-2.400e+01	-5.036e-09	4.766e+09	2.190e+01	-4.556e-07
34.293	21.000	15.600	21.000	21.000	-2.400e+01	-9.220e-09	2.603e+09	-2.400e+01	-5.048e-09	4.755e+09	2.190e+01	-4.556e-07
35.034	21.000	15.500	21.000	21.000	-2.400e+01	-1.103e-08	2.176e+09	-2.400e+01	-5.079e-09	4.726e+09	2.190e+01	-4.556e-07
35.776	21.000	15.400	21.000	21.000	-2.400e+01	-1.343e-08	1.787e+09	-2.400e+01	-5.040e-09	4.762e+09	2.190e+01	-4.556e-07
36.513	21.000	15.300	21.000	21.000	-2.400e+01	-1.630e-08	1.473e+09	-2.400e+01	-5.059e-09	4.744e+09	2.190e+01	-4.556e-07
37.247	21.000	15.200	21.000	21.000	-2.400e+01	-1.983e-08	1.210e+09	-2.400e+01	-5.056e-09	4.747e+09	2.190e+01	-4.556e-07
37.983	21.000	15.100	21.000	21.000	-2.400e+01	-2.356e-08	1.019e+09	-2.400e+01	-5.004e-09	4.797e+09	2.190e+01	-4.556e-07
38.744	21.000	15.000	21.000	21.000	-2.400e+01	-2.796e-08	8.584e+08	-2.400e+01	-5.012e-09	4.788e+09	2.190e+01	-4.556e-07
39.493	21.000	14.900	21.000	21.000	-2.400e+01	-3.364e-08	7.135e+08	-2.400e+01	-5.036e-09	4.766e+09	2.190e+01	-4.557e-07
40.234	21.000	14.800	21.000	21.000	-2.400e+01	-3.988e-08	6.018e+08	-2.400e+01	-5.004e-09	4.796e+09	2.190e+01	-4.557e-07
40.974	21.000	14.700	21.000	21.000	-2.400e+01	-4.739e-08	5.064e+08	-2.400e+01	-5.036e-09	4.766e+09	2.190e+01	-4.558e-07
41.733	21.000	14.600	21.000	21.000	-2.400e+01	-5.594e-08	4.290e+08	-2.400e+01	-5.066e-09	4.737e+09	2.190e+01	-4.558e-07
42.474	21.000	14.500	21.000	21.000	-2.400e+01	-6.578e-08	3.648e+08	-2.400e+01	-5.026e-09	4.775e+09	2.190e+01	-4.559e-07
43.214	21.000	14.400	21.000	21.000	-2.400e+01	-7.732e-08	3.104e+08	-2.400e+01	-5.065e-09	4.739e+09	2.190e+01	-4.561e-07
43.954	21.000	14.300	21.000	21.000	-2.400e+01	-9.005e-08	2.665e+08	-2.400e+01	-5.037e-09	4.764e+09	2.190e+01	-4.562e-07
44.713	21.000	14.200	21.000	21.000	-2.400e+01	-1.052e-07	2.282e+08	-2.400e+01	-5.015e-09	4.785e+09	2.190e+01	-4.564e-07
45.447	21.000	14.100	21.000	21.000	-2.400e+01	-1.223e-07	1.963e+08	-2.400e+01	-5.016e-09	4.785e+09	2.190e+01	-4.566e-07
46.165	21.000	14.000	21.000	21.000	-2.400e+01	-1.415e-07	1.696e+08	-2.400e+01	-5.020e-09	4.781e+09	2.190e+01	-4.569e-07
46.904	21.000	13.900	21.000	21.000	-2.400e+01	-1.634e-07	1.468e+08	-2.400e+01	-5.052e-09	4.750e+09	2.190e+01	-4.572e-07
47.644	21.000	13.800	21.000	21.000	-2.400e+01	-1.880e-07	1.277e+08	-2.400e+01	-5.036e-09	4.766e+09	2.190e+01	-4.576e-07
48.388	21.000	13.700	21.000	21.000	-2.400e+01	-2.141e-07	1.121e+08	-2.400e+01	-5.066e-09	4.738e+09	2.190e+01	-4.587e-07
49.138	21.000	13.600	21.000	21.000	-2.400e+01	-2.429e-07	9.879e+07	-2.400e+01	-5.020e-09	4.781e+09	2.190e+01	-4.590e-07
49.874	21.000	13.500	21.000	21.000	-2.400e+01	-2.735e-07	8.775e+07	-2.400e+01	-5.044e-09	4.758e+09	2.190e+01	-4.601e-07
50.746	21.000	13.400	21.000	21.000	-2.400e+01	-3.091e-07	7.766e+07	-2.400e+01	-5.038e-09	4.764e+09	2.190e+01	-4.618e-07
51.485	21.000	13.300	21.000	21.000	-2.400e+01	-3.458e-07	6.940e+07	-2.400e+01	-5.015e-09	4.786e+09	2.190e+01	-4.620e-07
52.224	21.000	13.200	21.000	21.000	-2.400e+01	-3.856e-07	6.224e+07	-2.400e+01	-5.022e-09	4.779e+09	2.190e+01	-4.634e-07
52.964	21.000	13.100	21.000	21.000	-2.400e+01	-4.260e-07	5.633e+07	-2.400e+01	-5.050e-09	4.753e+09	2.190e+01	-4.640e-07
53.723	21.000	13.000	21.000	21.000	-2.400e+01	-4.690e-07	5.117e+07	-2.400e+01	-5.046e-09	4.756e+09	2.190e+01	-4.664e-07
54.464	21.000	12.900	21.000	21.000	-2.400e+01	-5.112e-07	4.695e+07	-2.400e+01	-5.092e-09	4.713e+09	2.190e+01	-4.676e-07
55.204	21.000	12.800	21.000	21.000	-2.400e+01	-5.553e-07	4.322e+07	-2.400e+01	-5.111e-09	4.696e+09	2.190e+01	-4.680e-07
55.944	21.000	12.700	21.000	21.000	-2.400e+01	-5.982e-07	4.012e+07	-2.400e+01	-5.096e-09	4.709e+09	2.190e+01	-4.698e-07
56.705	21.000	12.600	21.000	21.000	-2.400e+01	-6.405e-07	3.747e+07	-2.400e+01	-5.101e-09	4.705e+09	2.190e+01	-4.703e-07
57.454	21.000	12.500	21.000	21.000	-2.400e+01	-6.810e-07	3.524e+07	-2.400e+01	-5.126e-09	4.682e+09	2.190e+01	-4.715e-07
58.185	21.000	12.400	21.000	21.000	-2.400e+01	-7.174e-07	3.346e+07	-2.400e+01	-5.151e-09	4.659e+09	2.190e+01	-4.719e-07
58.924	21.000	12.300	21.000	21.000	-2.400e+01	-7.509e-07	3.196e+07	-2.400e+01	-5.119e-09	4.689e+09	2.190e+01	-4.732e-07
59.684	21.000	12.200	21.000	21.000	-2.400e+01	-7.814e-07	3.071e+07	-2.400e+01	-5.136e-09	4.673e+09	2.190e+01	-4.736e-07
60.427	21.000	12.100	21.000	21.000	-2.400e+01	-8.090e-07	2.967e+07	-2.400e+01	-5.138e-09	4.671e+09	2.190e+01	-4.739e-07
61.164	21.000	12.000	21.000	21.000	-2.400e+01	-8.326e-07	2.883e+07	-2.400e+01	-5.190e-09	4.625e+09	2.190e+01	-4.744e-07
61.905	21.000	11.900	21.000	21.000	-2.400e+01	-8.557e-07	2.805e+07	-2.400e+01	-5.212e-09	4.605e+09	2.190e+01	-4.748e-07
62.698	21.000	11.800	21.000	21.000	-2.400e+01	-8.779e-07	2.734e+07	-2.400e+01	-5.204e-09	4.612e+09	2.190e+01	-4.751e-07
63.435	21.000	11.700	21.000	21.000	-2.400e+01	-8.990e-07	2.670e+07	-2.400e+01	-5.216e-09	4.601e+09	2.190e+01	-4.754e-07
64.167	21.000	11.600	21.000	21.000	-2.400e+01	-9.183e-07	2.614e+07	-2.400e+01	-5.214e-09	4.603e+09	2.190e+01	-4.756e-07
64.905	21.000	11.500	21.000	21.000	-2.400e+01	-9.380e-07	2.559e+07	-2.400e+01	-5.203e-09	4.613e+09	2.190e+01	-4.759e-07
65.644	21.000	11.400	21.000	21.000	-2.400e+01	-9.562e-07	2.510e+07	-2.400e+01	-5.282e-09	4.543e+09	2.190e+01	-4.763e-07
66.385	21.000	11.300	21.000	21.000	-2.400e+01	-9.736e-07	2.465e+07	-2.400e+01	-5.234e-09	4.585e+09	2.190e+01	-4.765e-07
67.125	21.000	11.200	21.000	21.000	-2.400e+01	-9.912e-07	2.421e+07	-2.400e+01	-5.245e-09	4.576e+09	2.190e+01	-4.767e-07
67.857	21.000	11.100	21.000	21.000	-2.400e+01	-1.008e-06	2.381e+07	-2.400e+01	-5.240e-09	4.580e+09	2.190e+01	-4.769e-07
68.595	21.000	11.000	21.000	21.000	-2.400e+01	-1.023e-06	2.346e+07	-2.400e+01	-5.302e-09	4.527e+09	2.190e+01	-4.771e-07
69.334	21.000	10.900	21.000	21.000	-2.400e+01	-1.039e-06	2.311e+07	-2.400e+01	-5.297e-09	4.531e+09	2.190e+01	-4.772e-07
70.068	21.000	10.800	21.000	21.000	-2.400e+01	-1.055e-06	2.276e+07	-2.400e+01	-5.291e-09	4.536e+09	2.190e+01	-4.774e-07
70.816	21.000	10.700	21.000	21.000	-2.400e+01	-1.068e-06	2.247e+07	-2.400e+01	-5.326e-09	4.506e+09	2.190e+01	-4.775e-07
71.565	21.000	10.600	21.000	21.000	-2.400e+01	-1.083e-06	2.217e+07	-2.400e+01	-5.310e-09	4.519e+09	2.190e+01	-4.777e-07
72.305	21.000	10.500	21.000	21.000	-2.400e+01	-1.097e-06	2.187e+07	-2.400e+01	-5.380e-09	4.461e+09	2.190e+01	-4.778e-07
73.034	21.000	10.400	21.000	21.000	-2.400e+01	-1.110e-06	2.162e+07	-2.400e+01	-5.340e-09	4.494e+09	2.190e+01	-4.779e-07
73.766	21.000	10.300	21.000	21.000	-2.400e+01	-1.123e-06	2.137e+07	-2.400e+01	-5.386e-09	4.456e+09	2.190e+01	-4.780e-07
74.494	21.000	10.200	21.000	21.000	-2.400e+01	-1.135e-06	2.115e+07	-2.400e+01	-5.371e-09	4.469e+09	2.190e+01	-4.780e-07
75.225	21.000	10.100	21.000	21.000	-2.400e+01	-1.147e-06	2.092e+07	-2.400e+01	-5.398e-09	4.446e+09	2.190e+01	-4.781e-07
75.965	21.000	10.000	21.000	21.000	-2.400e+01	-1.158e-06	2.072e+07	-2.400e+01	-5.406e-09	4.440e+09	2.190e+01	-4.781e-07
76.724	21.000	9.900	21.000	21.000	-2.400e+01	-1.169e-06	2.052e+07	-2.400e+01	-5.424e-09	4.425e+09	2.190e+01	-4.781e-07
77.465	21.000	9.800	21.000	21.000	-2.400e+01	-1.179e-06	2.035e+07	-2.400e+01	-5.437e-09	4.415e+09	2.190e+01	-4.781e-07
78.204	21.000	9.700	21.000	21.000	-2.400e+01	-1.191e-06	2.016e+07	-2.400e+01	-5.454e-09	4.400e+09	2.190e+01	-4.781e-07
78.928	21.000	9.600	21.000	21.000	-2.400e+01	-1.200e-06	2.000e+07	-2.400e+01	-5.456e-09	4.398e+09	2.190e+01	-4.781e-07
79.684	21.000	9.500	21.000	21.000	-2.400e+01	-1.210e-06	1.984e+07	-2.400e+01	-5.404e-09	4.441e+09	2.190e+01	-4.781e-07
80.425	21.000	9.400	21.000	21.000	-2.400e+01	-1.218e-06	1.970e+07	-2.400e+01	-5.452e-09	4.402e+09	2.190e+01	-4.781e-07
81.165	21.000	9.300	21.000	21.000	-2.400e+01	-1.226e-06	1.957e+07	-2.400e+01	-5.504e-09	4.360e+09	2.190e+01	-4.780e-07
81.905	21.000	9.200	21.000	21.000	-2.400e+01	-1.235e-06	1.944e+07	-2.400e+01	-5.525e-09	4.344e+09	2.190e+01	-4.780e-07
82.645	21.000	9.100	21.000	21.000	-2.400e+01	-1.242e-06	1.932e+07	-2.400e+01	-5.490e-09	4.372e+09	2.190e+01	-4.779e-07
83.385	21.000	9.000	21.000	21.000	-2.400e+01	-1.250e-06	1.920e+07	-2.400e+01	-5.515e-09	4.352e+09	2.190e+01	-4.779e-07
84.125	21.000	8.900	21.000	21.000	-2.400e+01	-1.258e-06	1.908e+07	-2.400e+01	-5.550e-09	4.324e+09	2.190e+01	-4.778e-07
84.835	21.000	8.800	21.000	21.000	-2.400e+01	-1.264e-06	1.898e+07	-2.400e+01	-5.519e-09	4.348e+09	2.190e+01	-4.777e-07
85.885	21.000	8.700	21.000	21.000	-2.400e+01	-1.272e-06	1.887e+07	-2.400e+01	-5.538e-09	4.334e+09	2.190e+01	-4.776e-07
86.915	21.000	8.600	21.000	21.000	-2.400e+01	-1.278e-06	1.878e+07	-2.400e+01	-5.603e-09	4.283e+09	2.190e+01	-4.776e-07
87.679	21.000	8.500	21.000	21.000	-2.400e+01	-1.285e-06	1.868e+07	-2.400e+01	-5.534e-09	4.337e+09	2.190e+01	-4.775e-07
88.419	21.000	8.400	21.000	21.000	-2.400e+01	-1.290e-06	1.860e+07	-2.400e+01	-5.568e-09	4.311e+09	2.190e+01	-4.775e-07
89.148	21.000	8.300	21.000	21.000	-2.400e+01	-1.296e-06	1.852e+07	-2.400e+01	-5.563e-09	4.314e+09	2.190e+01	-4.774e-07
89.886	21.000	8.200	21.000	21.000	-2.400e+01	-1.301e-06	1.844e+07	-2.400e+01	-5.606e-09	4.281e+09	2.190e+01	-4.773e-07
90.626	21.000	8.100	21.000	21.000	-2.400e+01	-1.307e-06	1.836e+07	-2.400e+01	-5.606e-09	4.281e+09	2.190e+01	-4.772e-07
91.365	21.000	8.000	21.000	21.000	-2.400e+01	-1.312e-06	1.829e+07	-2.400e+01	-5.636e-09	4.259e+09	2.190e+01	-4.772e-07
92.085	21.000	7.900	21.000	21.000	-2.400e+01	-1.317e-06	1.823e+07	-2.400e+01	-5.618e-09	4.272e+09	2.190e+01	-4.771e-07
92.879	21.000	7.800	21.000	21.000	-2.400e+01	-1.322e-06	1.816e+07	-2.400e+01	-5.659e-09	4.241e+09	2.190e+01	-4.770e-07
93.626	21.000	7.700	21.000	21.000	-2.400e+01	-1.326e-06	1.809e+07	-2.400e+01	-5.625e-09	4.267e+09	2.190e+01	-4.770e-07
94.365	21.000	7.600	21.000	21.000	-2.400e+01	-1.330e-06	1.804e+07	-2.400e+01	-5.642e-09	4.254e+09	2.190e+01	-4.769e-07
95.106	21.000	7.500	21.000	21.000	-2.400e+01	-1.335e-06	1.798e+07	-2.400e+01	-5.658e-09	4.242e+09	2.190e+01	-4.768e-07
95.845	21.000	7.400	21.000	21.000	-2.400e+01	-1.339e-06	1.793e+07	-2.400e+01	-5.636e-09	4.258e+09	2.190e+01	-4.767e-07
96.586	21.000	7.300	21.000	21.000	-2.400e+01	-1.342e-06	1.788e+07	-2.400e+01	-5.619e-09	4.271e+09	2.190e+01	-4.766e-07
97.325	21.000	7.200	21.000	21.000	-2.400e+01	-1.346e-06	1.783e+07	-2.400e+01	-5.637e-09	4.257e+09	2.190e+01	-4.731e-07
98.066	21.000	7.100	21.000	21.000	-2.400e+01	-1.350e-06	1.778e+07	-2.400e+01	-5.623e-09	4.269e+09	2.190e+01	-4.635e-07
98.806	21.000	7.000	21.000	21.000	-2.400e+01	-1.353e-06	1.774e+07	-2.400e+01	-5.616e-09	4.274e+09	2.190e+01	-4.551e-07
99.545	21.000	6.900	21.000	21.000	-2.400e+01	-1.357e-06	1.769e+07	-2.400e+01	-5.489e-09	4.372e+09	2.190e+01	-4.447e-07
100.290	21.000	6.800	21.000	21.000	-2.400e+01	-1.360e-06	1.764e+07	-2.400e+01	-5.428e-09	4.422e+09	2.190e+01	-4.324e-07
101.029	21.000	6.700	21.000	21.000	-2.400e+01	-1.363e-06	1.760e+07	-2.400e+01	-5.392e-09	4.451e+09	2.190e+01	-4.186e-07
101.771	21.000	6.600	21.000	21.000	-2.400e+01	-1.367e-06	1.756e+07	-2.400e+01	-5.289e-09	4.537e+09	2.190e+01	-4.035e-07
102.509	21.000	6.500	21.000	21.000	-2.400e+01	-1.369e-06	1.753e+07	-2.400e+01	-5.267e-09	4.557e+09	2.190e+01	-3.873e-07
103.249	21.000	6.400	21.000	21.000	-2.400e+01	-1.372e-06	1.749e+07	-2.400e+01	-5.169e-09	4.643e+09	2.190e+01	-3.701e-07
103.989	21.000	6.300	21.000	21.000	-2.400e+01	-1.375e-06	1.746e+07	-2.400e+01	-5.136e-09	4.673e+09	2.190e+01	-3.521e-07
104.745	21.000	6.200	21.000	21.000	-2.400e+01	-1.377e-06	1.743e+07	-2.400e+01	-5.089e-09	4.716e+09	2.190e+01	-3.330e-07
105.486	21.000	6.100	21.000	21.000	-2.400e+01	-1.380e-06	1.739e+07	-2.400e+01	-5.068e-09	4.735e+09	2.190e+01	-2.966e-07
106.255	21.000	6.000	21.000	21.000	-2.400e+01	-1.382e-06	1.736e+07	-2.400e+01	-5.015e-09	4.786e+09	2.190e+01	-2.748e-07
106.996	21.000	5.900	21.000	21.000	-2.400e+01	-1.385e-06	1.733e+07	-2.400e+01	-4.979e-09	4.820e+09	2.190e+01	-2.660e-07
107.746	21.000	5.800	21.000	21.000	-2.400e+01	-1.388e-06	1.730e+07	-2.400e+01	-4.985e-09	4.814e+09	2.190e+01	-2.633e-07
108.486	21.000	5.700	21.000	21.000	-2.400e+01	-1.390e-06	1.727e+07	-2.400e+01	-4.923e-09	4.875e+09	2.190e+01	-2.632e-07
109.225	21.000	5.600	21.000	21.000	-2.400e+01	-1.392e-06	1.724e+07	-2.400e+01	-4.959e-09	4.839e+09	2.190e+01	-2.631e-07
109.965	21.000	5.500	21.000	21.000	-2.400e+01	-1.394e-06	1.722e+07	-2.400e+01	-4.991e-09	4.809e+09	2.190e+01	-2.631e-07
110.726	21.000	5.400	21.000	21.000	-2.400e+01	-1.396e-06	1.719e+07	-2.400e+01	-4.940e-09	4.858e+09	2.190e+01	-2.632e-07
111.465	21.000	5.300	21.000	21.000	-2.400e+01	-1.398e-06	1.717e+07	-2.400e+01	-4.927e-09	4.871e+09	2.190e+01	-2.635e-07
112.206	21.000	5.200	21.000	21.000	-2.400e+01	-1.400e-06	1.715e+07	-2.400e+01	-4.955e-09	4.844e+09	2.190e+01	-2.649e-07
112.938	21.000	5.100	21.000	21.000	-2.400e+01	-1.401e-06	1.713e+07	-2.400e+01	-4.958e-09	4.840e+09	2.190e+01	-2.651e-07
113.696	21.000	5.000	21.000	21.000	-2.400e+01	-1.403e-06	1.711e+07	-2.400e+01	-4.943e-09	4.855e+09	2.190e+01	-2.664e-07
114.436	21.000	4.900	21.000	21.000	-2.400e+01	-1.405e-06	1.709e+07	-2.400e+01	-4.985e-09	4.814e+09	2.190e+01	-2.667e-07
115.176	21.000	4.800	21.000	21.000	-2.400e+01	-1.407e-06	1.706e+07	-2.400e+01	-4.907e-09	4.891e+09	2.190e+01	-2.670e-07
115.916	21.000	4.700	21.000	21.000	-2.400e+01	-1.408e-06	1.704e+07	-2.400e+01	-4.957e-09	4.842e+09	2.190e+01	-2.671e-07
116.675	21.000	4.600	21.000	21.000	-2.400e+01	-1.410e-06	1.702e+07	-2.400e+01	-4.978e-09	4.821e+09	2.190e+01	-2.672e-07
117.416	21.000	4.500	21.000	21.000	-2.400e+01	-1.412e-06	1.700e+07	-2.400e+01	-4.914e-09	4.884e+09	2.190e+01	-2.668e-07
118.155	21.000	4.400	21.000	21.000	-2.400e+01	-1.413e-06	1.699e+07	-2.400e+01	-4.966e-09	4.833e+09	2.190e+01	-2.664e-07
118.896	21.000	4.300	21.000	21.000	-2.400e+01	-1.414e-06	1.697e+07	-2.400e+01	-4.987e-09	4.812e+09	2.190e+01	-2.661e-07
119.636	21.000	4.200	21.000	21.000	-2.400e+01	-1.415e-06	1.696e+07	-2.400e+01	-4.952e-09	4.846e+09	2.190e+01	-2.658e-07
120.376	21.000	4.100	21.000	21.000	-2.400e+01	-1.417e-06	1.694e+07	-2.400e+01	-4.929e-09	4.869e+09	2.190e+01	-2.656e-07
121.230	21.000	4.000	21.000	21.000	-2.400e+01	-1.418e-06	1.693e+07	-2.400e+01	-4.923e-09	4.875e+09	2.190e+01	-2.653e-07
121.966	21.000	3.900	21.000	21.000	-2.400e+01	-1.420e-06	1.691e+07	-2.400e+01	-4.905e-09	4.893e+09	2.190e+01	-2.651e-07
122.768	21.000	3.800	21.000	21.000	-2.400e+01	-1.421e-06	1.689e+07	-2.400e+01	-4.964e-09	4.834e+09	2.190e+01	-2.649e-07
123.506	21.000	3.700	21.000	21.000	-2.400e+01	-1.422e-06	1.687e+07	-2.400e+01	-4.953e-09	4.845e+09	2.190e+01	-2.648e-07
124.246	21.000	3.600	21.000	21.000	-2.400e+01	-1.423e-06	1.686e+07	-2.400e+01	-4.968e-09	4.831e+09	2.190e+01	-2.646e-07
124.986	21.000	3.500	21.000	21.000	-2.400e+01	-1.424e-06	1.685e+07	-2.400e+01	-4.938e-09	4.860e+09	2.190e+01	-2.644e-07
125.746	21.000	3.400	21.000	21.000	-2.400e+01	-1.425e-06	1.684e+07	-2.400e+01	-4.944e-09	4.854e+09	2.190e+01	-2.643e-07
126.486	21.000	3.300	21.000	21.000	-2.400e+01	-1.426e-06	1.683e+07	-2.400e+01	-4.958e-09	4.841e+09	2.190e+01	-2.641e-07
127.226	21.000	3.200	21.000	21.000	-2.400e+01	-1.427e-06	1.682e+07	-2.400e+01	-4.942e-09	4.857e+09	2.190e+01	-2.639e-07
127.966	21.000	3.100	21.000	21.000	-2.400e+01	-1.428e-06	1.681e+07	-2.400e+01	-4.956e-09	4.842e+09	2.190e+01	-2.638e-07
128.729	21.000	3.000	21.000	21.000	-2.400e+01	-1.429e-06	1.680e+07	-2.400e+01	-4.963e-09	4.836e+09	2.190e+01	-2.636e-07
129.480	21.000	2.900	21.000	21.000	-2.400e+01	-1.430e-06	1.679e+07	-2.400e+01	-4.944e-09	4.855e+09	2.190e+01	-2.635e-07
130.216	21.000	2.800	21.000	21.000	-2.400e+01	-1.430e-06	1.678e+07	-2.400e+01	-4.956e-09	4.843e+09	2.190e+01	-2.634e-07
130.956	21.000	2.700	21.000	21.000	-2.400e+01	-1.431e-06	1.677e+07	-2.400e+01	-4.929e-09	4.869e+09	2.190e+01	-2.632e-07
131.716	21.000	2.600	21.000	21.000	-2.400e+01	-1.432e-06	1.676e+07	-2.400e+01	-4.961e-09	4.838e+09	2.190e+01	-2.630e-07
132.456	21.000	2.500	21.000	21.000	-2.400e+01	-1.433e-06	1.675e+07	-2.400e+01	-4.954e-09	4.844e+09	2.190e+01	-2.628e-07
133.190	21.000	2.400	21.000	21.000	-2.400e+01	-1.433e-06	1.675e+07	-2.400e+01	-4.952e-09	4.847e+09	2.190e+01	-2.627e-07
133.936	21.000	2.300	21.000	21.000	-2.400e+01	-1.434e-06	1.674e+07	-2.400e+01	-4.998e-09	4.802e+09	2.190e+01	-2.625e-07
134.676	21.000	2.200	21.000	21.000	-2.400e+01	-1.434e-06	1.673e+07	-2.400e+01	-4.964e-09	4.835e+09	2.190e+01	-2.624e-07
135.426	21.000	2.100	21.000	21.000	-2.400e+01	-1.435e-06	1.673e+07	-2.400e+01	-4.998e-09	4.802e+09	2.190e+01	-2.622e-07
136.166	21.000	2.000	21.000	21.000	-2.400e+01	-1.436e-06	1.672e+07	-2.400e+01	-4.988e-09	4.811e+09	2.190e+01	-2.621e-07
136.907	21.000	1.900	21.000	21.000	-2.400e+01	-1.436e-06	1.671e+07	-2.400e+01	-4.970e-09	4.829e+09	2.190e+01	-2.620e-07
137.646	21.000	1.800	21.000	21.000	-2.400e+01	-1.437e-06	1.670e+07	-2.400e+01	-5.002e-09	4.798e+09	2.190e+01	-2.618e-07
138.397	21.000	1.700	21.000	21.000	-2.400e+01	-1.438e-06	1.669e+07	-2.400e+01	-4.986e-09	4.813e+09	2.190e+01	-2.616e-07
139.136	21.000	1.600	21.000	21.000	-2.400e+01	-1.439e-06	1.668e+07	-2.400e+01	-4.959e-09	4.840e+09	2.190e+01	-2.614e-07
139.886	21.000	1.500	21.000	21.000	-2.400e+01	-1.439e-06	1.668e+07	-2.400e+01	-4.939e-09	4.859e+09	2.190e+01	-2.613e-07
140.639	21.000	1.400	21.000	21.000	-2.400e+01	-1.439e-06	1.667e+07	-2.400e+01	-4.906e-09	4.892e+09	2.190e+01	-2.611e-07
141.380	21.000	1.300	21.000	21.000	-2.400e+01	-1.440e-06	1.667e+07	-2.400e+01	-4.988e-09	4.812e+09	2.190e+01	-2.610e-07
142.117	21.000	1.200	21.000	21.000	-2.400e+01	-1.440e-06	1.666e+07	-2.400e+01	-4.970e-09	4.829e+09	2.190e+01	-2.609e-07
142.849	21.000	1.100	21.000	21.000	-2.400e+01	-1.441e-06	1.666e+07	-2.400e+01	-4.976e-09	4.823e+09	2.190e+01	-2.607e-07
143.591	21.000	1.000	21.000	21.000	-2.400e+01	-1.441e-06	1.665e+07	-2.400e+01	-4.975e-09	4.824e+09	2.190e+01	-2.606e-07
144.327	21.000	0.900	21.000	21.000	-2.400e+01	-1.442e-06	1.665e+07	-2.400e+01	-4.992e-09	4.808e+09	2.190e+01	-2.604e-07
145.067	21.000	0.800	21.000	21.000	-2.400e+01	-1.442e-06	1.664e+07	-2.400e+01	-4.964e-09	4.835e+09	2.190e+01	-2.602e-07
145.809	21.000	0.700	21.000	21.000	-2.400e+01	-1.443e-06	1.664e+07	-2.400e+01	-4.980e-09	4.819e+09	2.190e+01	-2.600e-07
146.547	21.000	0.600	21.000	21.000	-2.400e+01	-1.443e-06	1.663e+07	-2.400e+01	-4.978e-09	4.821e+09	2.190e+01	-2.599e-07
147.281	21.000	0.500	21.000	21.000	-2.400e+01	-1.444e-06	1.662e+07	-2.400e+01	-4.977e-09	4.822e+09	2.190e+01	-2.597e-07
148.017	21.000	0.400	21.000	21.000	-2.400e+01	-1.444e-06	1.662e+07	-2.400e+01	-4.884e-09	4.914e+09	2.190e+01	-2.596e-07
148.759	21.000	0.300	21.000	21.000	-2.400e+01	-1.444e-06	1.662e+07	-2.400e+01	-4.938e-09	4.860e+09	2.190e+01	-2.594e-07
149.507	21.000	0.200	21.000	21.000	-2.400e+01	-1.444e-06	1.662e+07	-2.400e+01	-4.964e-09	4.835e+09	2.190e+01	-2.593e-07
150.240	21.000	0.100	21.000	21.000	-2.400e+01	-1.445e-06	1.661e+07	-2.400e+01	-4.962e-09	4.837e+09	2.190e+01	-2.591e-07
150.978	21.000	0.000	21.000	21.000	-2.400e+01	-1.445e-06	1.661e+07	-2.400e+01	-4.974e-09	4.825e+09	2.190e+01	-2.590e-07
151.737	21.000	-0.100	21.000	21.000	-2.400e+01	-1.446e-06	1.660e+07	-2.400e+01	-4.955e-09	4.844e+09	2.190e+01	-2.588e-07
152.530	21.000	-0.200	21.000	21.000	-2.400e+01	-1.446e-06	1.660e+07	-2.400e+01	-4.967e-09	4.832e+09	2.190e+01	-2.586e-07
153.267	21.000	-0.300	21.000	21.000	-2.400e+01	-1.446e-06	1.659e+07	-2.400e+01	-4.982e-09	4.817e+09	2.190e+01	-2.575e-07
154.008	21.000	-0.400	21.000	21.000	-2.400e+01	-1.447e-06	1.659e+07	-2.400e+01	-4.899e-09	4.899e+09	2.190e+01	-2.563e-07
154.728	21.000	-0.500	21.000	21.000	-2.400e+01	-1.447e-06	1.658e+07	-2.400e+01	-4.932e-09	4.866e+09	2.190e+01	-2.552e-07
155.461	21.000	-0.600	21.000	21.000	-2.400e+01	-1.447e-06	1.658e+07	-2.400e+01	-4.934e-09	4.864e+09	2.190e+01	-2.540e-07
156.198	21.000	-0.700	21.000	21.000	-2.400e+01	-1.447e-06	1.658e+07	-2.400e+01	-4.888e-09	4.910e+09	2.190e+01	-2.528e-07
156.938	21.000	-0.800	21.000	21.000	-2.400e+01	-1.448e-06	1.657e+07	-2.400e+01	-4.895e-09	4.903e+09	2.190e+01	-2.524e-07
157.730	21.000	-0.900	21.000	21.000	-2.400e+01	-1.448e-06	1.657e+07	-2.400e+01	-4.892e-09	4.906e+09	2.190e+01	-2.505e-07
158.468	21.000	-1.000	21.000	21.000	-2.400e+01	-1.448e-06	1.657e+07	-2.400e+01	-4.863e-09	4.935e+09	2.190e+01	-2.491e-07
159.208	21.000	-1.100	21.000	21.000	-2.400e+01	-1.449e-06	1.657e+07	-2.400e+01	-4.807e-09	4.993e+09	2.190e+01	-2.480e-07
159.947	21.000	-1.200	21.000	21.000	-2.400e+01	-1.449e-06	1.656e+07	-2.400e+01	-4.770e-09	5.032e+09	2.190e+01	-2.470e-07
160.708	21.000	-1.300	21.000	21.000	-2.400e+01	-1.449e-06	1.656e+07	-2.400e+01	-4.814e-09	4.985e+09	2.190e+01	-2.468e-07
161.448	21.000	-1.400	21.000	21.000	-2.400e+01	-1.449e-06	1.656e+07	-2.400e+01	-4.777e-09	5.025e+09	2.190e+01	-2.452e-07
162.187	21.000	-1.500	21.000	21.000	-2.400e+01	-1.449e-06	1.656e+07	-2.400e+01	-4.780e-09	5.021e+09	2.190e+01	-2.448e-07
162.921	21.000	-1.600	21.000	21.000	-2.400e+01	-1.449e-06	1.656e+07	-2.400e+01	-4.729e-09	5.075e+09	2.190e+01	-2.434e-07
163.677	21.000	-1.700	21.000	21.000	-2.400e+01	-1.449e-06	1.656e+07	-2.400e+01	-4.714e-09	5.091e+09	2.190e+01	-2.419e-07
164.398	21.000	-1.800	21.000	21.000	-2.400e+01	-1.449e-06	1.656e+07	-2.400e+01	-4.700e-09	5.106e+09	2.190e+01	-2.405e-07
165.138	21.000	-1.900	21.000	21.000	-2.400e+01	-1.449e-06	1.656e+07	-2.400e+01	-4.657e-09	5.153e+09	2.190e+01	-2.393e-07
165.871	21.000	-2.000	21.000	21.000	-2.400e+01	-1.449e-06	1.656e+07	-2.400e+01	-4.655e-09	5.156e+09	2.190e+01	-2.383e-07
166.629	21.000	-2.100	21.000	21.000	-2.400e+01	-1.449e-06	1.657e+07	-2.400e+01	-4.683e-09	5.124e+09	2.190e+01	-2.372e-07
167.367	21.000	-2.200	21.000	21.000	-2.400e+01	-1.449e-06	1.657e+07	-2.400e+01	-4.577e-09	5.244e+09	2.190e+01	-2.370e-07
168.108	21.000	-2.300	21.000	21.000	-2.400e+01	-1.449e-06	1.656e+07	-2.400e+01	-4.637e-09	5.176e+09	2.190e+01	-2.353e-07
168.848	21.000	-2.400	21.000	21.000	-2.400e+01	-1.449e-06	1.656e+07	-2.400e+01	-4.601e-09	5.217e+09	2.190e+01	-2.349e-07
169.588	21.000	-2.500	21.000	21.000	-2.400e+01	-1.449e-06	1.656e+07	-2.400e+01	-4.549e-09	5.276e+09	2.190e+01	-2.334e-07
170.328	21.000	-2.600	21.000	21.000	-2.400e+01	-1.449e-06	1.656e+07	-2.400e+01	-4.590e-09	5.229e+09	2.190e+01	-2.317e-07
171.068	21.000	-2.700	21.000	21.000	-2.400e+01	-1.449e-06	1.656e+07	-2.400e+01	-4.558e-09	5.266e+09	2.190e+01	-2.306e-07
171.810	21.000	-2.800	21.000	21.000	-2.400e+01	-1.449e-06	1.657e+07	-2.400e+01	-4.535e-09	5.292e+09	2.190e+01	-2.294e-07
172.548	21.000	-2.900	21.000	21.000	-2.400e+01	-1.449e-06	1.657e+07	-2.400e+01	-4.469e-09	5.370e+09	2.190e+01	-2.284e-07
173.288	21.000	-3.000	21.000	21.000	-2.400e+01	-1.449e-06	1.657e+07	-2.400e+01	-4.485e-09	5.351e+09	2.190e+01	-2.272e-07
174.028	21.000	-3.100	21.000	21.000	-2.400e+01	-1.449e-06	1.657e+07	-2.400e+01	-4.474e-09	5.364e+09	2.190e+01	-2.262e-07
174.769	21.000	-3.200	21.000	21.000	-2.400e+01	-1.449e-06	1.657e+07	-2.400e+01	-4.468e-09	5.371e+09	2.190e+01	-2.251e-07
175.518	21.000	-3.300	21.000	21.000	-2.400e+01	-1.449e-06	1.657e+07	-2.400e+01	-4.397e-09	5.458e+09	2.190e+01	-2.248e-07
176.251	21.000	-3.400	21.000	21.000	-2.400e+01	-1.449e-06	1.657e+07	-2.400e+01	-4.391e-09	5.466e+09	2.190e+01	-2.231e-07
176.998	21.000	-3.500	21.000	21.000	-2.400e+01	-1.449e-06	1.657e+07	-2.400e+01	-4.366e-09	5.497e+09	2.190e+01	-2.216e-07
177.749	21.000	-3.600	21.000	21.000	-2.400e+01	-1.449e-06	1.657e+07	-2.400e+01	-4.413e-09	5.438e+09	2.190e+01	-2.204e-07
178.488	21.000	-3.700	21.000	21.000	-2.400e+01	-1.448e-06	1.657e+07	-2.400e+01	-4.354e-09	5.512e+09	2.190e+01	-2.193e-07
179.221	21.000	-3.800	21.000	21.000	-2.400e+01	-1.448e-06	1.657e+07	-2.400e+01	-4.350e-09	5.517e+09	2.190e+01	-2.182e-07
179.958	21.000	-3.900	21.000	21.000	-2.400e+01	-1.448e-06	1.657e+07	-2.400e+01	-4.323e-09	5.552e+09	2.190e+01	-2.179e-07
180.711	21.000	-4.000	21.000	21.000	-2.400e+01	-1.448e-06	1.657e+07	-2.400e+01	-4.323e-09	5.552e+09	2.190e+01	-2.161e-07
181.448	21.000	-4.100	21.000	21.000	-2.400e+01	-1.448e-06	1.657e+07	-2.400e+01	-4.319e-09	5.557e+09	2.190e+01	-2.158e-07
182.169	21.000	-4.200	21.000	21.000	-2.400e+01	-1.448e-06	1.657e+07	-2.400e+01	-4.264e-09	5.629e+09	2.190e+01	-2.142e-07
182.961	21.000	-4.300	21.000	21.000	-2.400e+01	-1.448e-06	1.657e+07	-2.400e+01	-4.297e-09	5.586e+09	2.190e+01	-2.138e-07
183.718	21.000	-4.400	21.000	21.000	-2.400e+01	-1.448e-06	1.657e+07	-2.400e+01	-4.194e-09	5.723e+09	2.190e+01	-2.087e-07
184.458	21.000	-4.500	21.000	21.000	-2.400e+01	-1.448e-06	1.657e+07	-2.400e+01	-4.170e-09	5.756e+09	2.190e+01	-2.051e-07
185.198	21.000	-4.600	21.000	21.000	-2.400e+01	-1.448e-06	1.658e+07	-2.400e+01	-4.185e-09	5.734e+09	2.190e+01	-2.013e-07
185.938	21.000	-4.700	21.000	21.000	-2.400e+01	-1.448e-06	1.658e+07	-2.400e+01	-4.134e-09	5.806e+09	2.190e+01	-1.976e-07
186.677	21.000	-4.800	21.000	21.000	-2.400e+01	-1.448e-06	1.658e+07	-2.400e+01	-4.094e-09	5.863e+09	2.190e+01	-1.939e-07
187.419	21.000	-4.900	21.000	21.000	-2.400e+01	-1.448e-06	1.658e+07	-2.400e+01	-4.069e-09	5.899e+09	2.190e+01	-1.903e-07
188.138	21.000	-5.000	21.000	21.000	-2.400e+01	-1.448e-06	1.658e+07	-2.400e+01	-4.038e-09	5.944e+09	2.190e+01	-1.868e-07
188.878	21.000	-5.100	21.000	21.000	-2.400e+01	-1.448e-06	1.657e+07	-2.400e+01	-4.041e-09	5.939e+09	2.190e+01	-1.828e-07
189.629	21.000	-5.200	21.000	21.000	-2.400e+01	-1.448e-06	1.657e+07	-2.400e+01	-4.081e-09	5.881e+09	2.190e+01	-1.767e-07
190.368	21.000	-5.300	21.000	21.000	-2.400e+01	-1.449e-06	1.657e+07	-2.400e+01	-3.973e-09	6.041e+09	2.190e+01	-1.727e-07
191.109	21.000	-5.400	21.000	21.000	-2.400e+01	-1.449e-06	1.657e+07	-2.400e+01	-3.938e-09	6.095e+09	2.190e+01	-1.687e-07
191.868	21.000	-5.500	21.000	21.000	-2.400e+01	-1.449e-06	1.656e+07	-2.400e+01	-3.956e-09	6.067e+09	2.190e+01	-1.647e-07
192.750	21.000	-5.600	21.000	21.000	-2.400e+01	-1.449e-06	1.656e+07	-2.400e+01	-3.903e-09	6.149e+09	2.190e+01	-1.601e-07
193.488	21.000	-5.700	21.000	21.000	-2.400e+01	-1.449e-06	1.656e+07	-2.400e+01	-3.853e-09	6.229e+09	2.190e+01	-1.559e-07
194.228	21.000	-5.800	21.000	21.000	-2.400e+01	-1.449e-06	1.656e+07	-2.400e+01	-3.842e-09	6.248e+09	2.190e+01	-1.518e-07
194.968	21.000	-5.900	21.000	21.000	-2.400e+01	-1.449e-06	1.656e+07	-2.400e+01	-3.825e-09	6.275e+09	2.190e+01	-1.475e-07
195.728	21.000	-6.000	21.000	21.000	-2.400e+01	-1.449e-06	1.657e+07	-2.400e+01	-3.838e-09	6.253e+09	2.190e+01	-1.440e-07
196.469	21.000	-6.100	21.000	21.000	-2.400e+01	-1.448e-06	1.658e+07	-2.400e+01	-3.758e-09	6.387e+09	2.190e+01	-1.411e-07
197.189	21.000	-6.200	21.000	21.000	-2.400e+01	-1.447e-06	1.659e+07	-2.400e+01	-3.760e-09	6.383e+09	2.190e+01	-1.383e-07
197.939	21.000	-6.300	21.000	21.000	-2.400e+01	-1.445e-06	1.660e+07	-2.400e+01	-3.715e-09	6.461e+09	2.190e+01	-1.355e-07
198.678	21.000	-6.400	21.000	21.000	-2.400e+01	-1.444e-06	1.663e+07	-2.400e+01	-3.657e-09	6.563e+09	2.190e+01	-1.316e-07
199.419	21.000	-6.500	21.000	21.000	-2.400e+01	-1.441e-06	1.666e+07	-2.400e+01	-3.665e-09	6.549e+09	2.190e+01	-1.290e-07
200.158	21.000	-6.600	21.000	21.000	-2.400e+01	-1.438e-06	1.669e+07	-2.400e+01	-3.625e-09	6.621e+09	2.190e+01	-1.264e-07
200.882	21.000	-6.700	21.000	21.000	-2.400e+01	-1.434e-06	1.674e+07	-2.400e+01	-3.626e-09	6.619e+09	2.190e+01	-1.240e-07
201.630	21.000	-6.800	21.000	21.000	-2.400e+01	-1.429e-06	1.679e+07	-2.400e+01	-3.574e-09	6.715e+09	2.190e+01	-1.214e-07
202.368	21.000	-6.900	21.000	21.000	-2.400e+01	-1.424e-06	1.686e+07	-2.400e+01	-3.520e-09	6.818e+09	2.190e+01	-1.190e-07
203.129	21.000	-7.000	21.000	21.000	-2.400e+01	-1.418e-06	1.693e+07	-2.400e+01	-3.542e-09	6.776e+09	2.190e+01	-1.168e-07
203.868	21.000	-7.100	21.000	21.000	-2.400e+01	-1.411e-06	1.701e+07	-2.400e+01	-3.485e-09	6.887e+09	2.190e+01	-1.144e-07
204.620	21.000	-7.200	21.000	21.000	-2.400e+01	-1.404e-06	1.709e+07	-2.400e+01	-3.507e-09	6.843e+09	2.190e+01	-1.122e-07
205.368	21.000	-7.300	21.000	21.000	-2.400e+01	-1.397e-06	1.718e+07	-2.400e+01	-3.461e-09	6.935e+09	2.190e+01	-1.085e-07
206.109	21.000	-7.400	21.000	21.000	-2.400e+01	-1.389e-06	1.728e+07	-2.400e+01	-3.440e-09	6.976e+09	2.190e+01	-1.059e-07
206.849	21.000	-7.500	21.000	21.000	-2.400e+01	-1.380e-06	1.739e+07	-2.400e+01	-3.364e-09	7.133e+09	2.190e+01	-1.035e-07
207.588	21.000	-7.600	21.000	21.000	-2.400e+01	-1.370e-06	1.752e+07	-2.400e+01	-3.358e-09	7.148e+09	2.190e+01	-1.011e-07
208.329	21.000	-7.700	21.000	21.000	-2.400e+01	-1.360e-06	1.765e+07	-2.400e+01	-3.345e-09	7.174e+09	2.190e+01	-9.882e-08
209.068	21.000	-7.800	21.000	21.000	-2.400e+01	-1.349e-06	1.779e+07	-2.400e+01	-3.300e-09	7.272e+09	2.190e+01	-9.655e-08
209.820	21.000	-7.900	21.000	21.000	-2.400e+01	-1.337e-06	1.795e+07	-2.400e+01	-3.259e-09	7.364e+09	2.190e+01	-9.439e-08
210.558	21.000	-8.000	21.000	21.000	-2.400e+01	-1.325e-06	1.811e+07	-2.400e+01	-3.199e-09	7.502e+09	2.190e+01	-9.222e-08
211.299	21.000	-8.100	21.000	21.000	-2.400e+01	-1.312e-06	1.829e+07	-2.400e+01	-3.202e-09	7.495e+09	2.190e+01	-9.001e-08
212.039	21.000	-8.200	21.000	21.000	-2.400e+01	-1.298e-06	1.849e+07	-2.400e+01	-3.163e-09	7.588e+09	2.190e+01	-8.633e-08
212.833	21.000	-8.300	21.000	21.000	-2.400e+01	-1.283e-06	1.871e+07	-2.400e+01	-3.117e-09	7.700e+09	2.190e+01	-8.398e-08
213.579	21.000	-8.400	21.000	21.000	-2.400e+01	-1.267e-06	1.895e+07	-2.400e+01	-3.134e-09	7.659e+09	2.190e+01	-8.193e-08
214.299	21.000	-8.500	21.000	21.000	-2.400e+01	-1.249e-06	1.921e+07	-2.400e+01	-3.101e-09	7.739e+09	2.190e+01	-7.977e-08
215.039	21.000	-8.600	21.000	21.000	-2.400e+01	-1.231e-06	1.949e+07	-2.400e+01	-3.068e-09	7.822e+09	2.190e+01	-7.749e-08
215.780	21.000	-8.700	21.000	21.000	-2.400e+01	-1.212e-06	1.980e+07	-2.400e+01	-3.013e-09	7.965e+09	2.190e+01	-7.532e-08
216.519	21.000	-8.800	21.000	21.000	-2.400e+01	-1.192e-06	2.013e+07	-2.400e+01	-3.034e-09	7.911e+09	2.190e+01	-7.320e-08
217.259	21.000	-8.900	21.000	21.000	-2.400e+01	-1.171e-06	2.049e+07	-2.400e+01	-3.024e-09	7.938e+09	2.190e+01	-7.109e-08
217.999	21.000	-9.000	21.000	21.000	-2.400e+01	-1.150e-06	2.087e+07	-2.400e+01	-2.979e-09	8.055e+09	2.190e+01	-6.755e-08
218.751	21.000	-9.100	21.000	21.000	-2.400e+01	-1.128e-06	2.128e+07	-2.400e+01	-2.941e-09	8.159e+09	2.190e+01	-6.532e-08
219.493	21.000	-9.200	21.000	21.000	-2.400e+01	-1.104e-06	2.174e+07	-2.400e+01	-2.927e-09	8.200e+09	2.190e+01	-6.316e-08
220.243	21.000	-9.300	21.000	21.000	-2.400e+01	-1.081e-06	2.221e+07	-2.400e+01	-2.939e-09	8.166e+09	2.190e+01	-6.109e-08
220.989	21.000	-9.400	21.000	21.000	-2.400e+01	-1.055e-06	2.274e+07	-2.400e+01	-2.866e-09	8.373e+09	2.190e+01	-5.910e-08
221.729	21.000	-9.500	21.000	21.000	-2.400e+01	-1.028e-06	2.334e+07	-2.400e+01	-2.923e-09	8.212e+09	2.190e+01	-5.721e-08
222.469	21.000	-9.600	21.000	21.000	-2.400e+01	-1.001e-06	2.397e+07	-2.400e+01	-2.838e-09	8.457e+09	2.190e+01	-5.542e-08
223.209	21.000	-9.700	21.000	21.000	-2.400e+01	-9.737e-07	2.465e+07	-2.400e+01	-2.808e-09	8.548e+09	2.190e+01	-5.356e-08
223.949	21.000	-9.800	21.000	21.000	-2.400e+01	-9.449e-07	2.540e+07	-2.400e+01	-2.859e-09	8.394e+09	2.190e+01	-5.187e-08
224.709	21.000	-9.900	21.000	21.000	-2.400e+01	-9.150e-07	2.623e+07	-2.400e+01	-2.824e-09	8.499e+09	2.190e+01	-4.908e-08
225.449	21.000	-10.000	21.000	21.000	-2.400e+01	-8.837e-07	2.716e+07	-2.400e+01	-2.757e-09	8.706e+09	2.190e+01	-4.737e-08
226.190	21.000	-10.100	21.000	21.000	-2.400e+01	-8.524e-07	2.816e+07	-2.400e+01	-2.779e-09	8.635e+09	2.190e+01	-4.580e-08
226.929	21.000	-10.200	21.000	21.000	-2.400e+01	-8.191e-07	2.930e+07	-2.400e+01	-2.721e-09	8.819e+09	2.190e+01	-4.435e-08
227.910	21.000	-10.300	21.000	21.000	-2.400e+01	-7.871e-07	3.049e+07	-2.400e+01	-2.662e-09	9.016e+09	2.190e+01	-4.275e-08
228.919	21.000	-10.400	21.000	21.000	-2.400e+01	-7.540e-07	3.183e+07	-2.400e+01	-2.736e-09	8.771e+09	2.190e+01	-4.146e-08
229.679	21.000	-10.500	21.000	21.000	-2.400e+01	-7.203e-07	3.332e+07	-2.400e+01	-2.702e-09	8.882e+09	2.190e+01	-4.083e-08
230.419	21.000	-10.600	21.000	21.000	-2.400e+01	-6.857e-07	3.500e+07	-2.400e+01	-2.682e-09	8.948e+09	2.190e+01	-3.916e-08
231.159	21.000	-10.700	21.000	21.000	-2.400e+01	-6.521e-07	3.680e+07	-2.400e+01	-2.661e-09	9.018e+09	2.190e+01	-3.820e-08
231.899	21.000	-10.800	21.000	21.000	-2.400e+01	-6.190e-07	3.877e+07	-2.400e+01	-2.598e-09	9.236e+09	2.190e+01	-3.736e-08
232.640	21.000	-10.900	21.000	21.000	-2.400e+01	-5.863e-07	4.094e+07	-2.400e+01	-2.637e-09	9.101e+09	2.190e+01	-3.660e-08
233.359	21.000	-11.000	21.000	21.000	-2.400e+01	-5.552e-07	4.323e+07	-2.400e+01	-2.555e-09	9.394e+09	2.190e+01	-3.595e-08
234.093	21.000	-11.100	21.000	21.000	-2.400e+01	-5.239e-07	4.581e+07	-2.400e+01	-2.554e-09	9.396e+09	2.190e+01	-3.533e-08
234.840	21.000	-11.200	21.000	21.000	-2.400e+01	-4.949e-07	4.850e+07	-2.400e+01	-2.574e-09	9.323e+09	2.190e+01	-3.481e-08
235.579	21.000	-11.300	21.000	21.000	-2.400e+01	-4.662e-07	5.149e+07	-2.400e+01	-2.550e-09	9.411e+09	2.190e+01	-3.439e-08
236.321	21.000	-11.400	21.000	21.000	-2.400e+01	-4.388e-07	5.469e+07	-2.400e+01	-2.495e-09	9.620e+09	2.190e+01	-3.402e-08
237.059	21.000	-11.500	21.000	21.000	-2.400e+01	-4.134e-07	5.806e+07	-2.400e+01	-2.528e-09	9.492e+09	2.190e+01	-3.368e-08
237.801	21.000	-11.600	21.000	21.000	-2.400e+01	-3.877e-07	6.190e+07	-2.400e+01	-2.497e-09	9.613e+09	2.190e+01	-3.322e-08
238.579	21.000	-11.700	21.000	21.000	-2.400e+01	-3.639e-07	6.595e+07	-2.400e+01	-2.480e-09	9.675e+09	2.190e+01	-3.299e-08
239.319	21.000	-11.800	21.000	21.000	-2.400e+01	-3.415e-07	7.028e+07	-2.400e+01	-2.507e-09	9.572e+09	2.190e+01	-3.279e-08
240.060	21.000	-11.900	21.000	21.000	-2.400e+01	-3.195e-07	7.513e+07	-2.400e+01	-2.462e-09	9.750e+09	2.190e+01	-3.265e-08
240.801	21.000	-12.000	21.000	21.000	-2.400e+01	-2.989e-07	8.029e+07	-2.400e+01	-2.403e-09	9.988e+09	2.190e+01	-3.250e-08
241.540	21.000	-12.100	21.000	21.000	-2.400e+01	-2.797e-07	8.579e+07	-2.400e+01	-2.410e-09	9.958e+09	2.190e+01	-3.246e-08
242.260	21.000	-12.200	21.000	21.000	-2.400e+01	-2.607e-07	9.207e+07	-2.400e+01	-2.425e-09	9.897e+09	2.190e+01	-3.234e-08
243.056	21.000	-12.300	21.000	21.000	-2.400e+01	-2.430e-07	9.877e+07	-2.400e+01	-2.402e-09	9.994e+09	2.190e+01	-3.230e-08
243.804	21.000	-12.400	21.000	21.000	-2.400e+01	-2.256e-07	1.064e+08	-2.400e+01	-2.435e-09	9.856e+09	2.190e+01	-3.217e-08
244.549	21.000	-12.500	21.000	21.000	-2.400e+01	-2.094e-07	1.146e+08	-2.400e+01	-2.378e-09	1.009e+10	2.190e+01	-3.215e-08
245.290	21.000	-12.600	21.000	21.000	-2.400e+01	-1.934e-07	1.241e+08	-2.400e+01	-2.356e-09	1.019e+10	2.190e+01	-3.213e-08
246.029	21.000	-12.700	21.000	21.000	-2.400e+01	-1.780e-07	1.349e+08	-2.400e+01	-2.341e-09	1.025e+10	2.190e+01	-3.210e-08
246.771	21.000	-12.800	21.000	21.000	-2.400e+01	-1.637e-07	1.466e+08	-2.400e+01	-2.318e-09	1.035e+10	2.190e+01	-3.209e-08
247.509	21.000	-12.900	21.000	21.000	-2.400e+01	-1.500e-07	1.600e+08	-2.400e+01	-2.334e-09	1.028e+10	2.190e+01	-3.208e-08
248.250	21.000	-13.000	21.000	21.000	-2.400e+01	-1.365e-07	1.758e+08	-2.400e+01	-2.342e-09	1.025e+10	2.190e+01	-3.208e-08
248.989	21.000	-13.100	21.000	21.000	-2.400e+01	-1.242e-07	1.932e+08	-2.400e+01	-2.295e-09	1.046e+10	2.190e+01	-3.210e-08
249.753	21.000	-13.200	21.000	21.000	-2.400e+01	-1.122e-07	2.139e+08	-2.400e+01	-2.256e-09	1.064e+10	2.190e+01	-3.214e-08
250.475	21.000	-13.300	21.000	21.000	-2.400e+01	-1.013e-07	2.370e+08	-2.400e+01	-2.327e-09	1.031e+10	2.190e+01	-3.227e-08
251.219	21.000	-13.400	21.000	21.000	-2.400e+01	-9.078e-08	2.644e+08	-2.400e+01	-2.314e-09	1.037e+10	2.190e+01	-3.230e-08
251.960	21.000	-13.500	21.000	21.000	-2.400e+01	-8.094e-08	2.965e+08	-2.400e+01	-2.284e-09	1.051e+10	2.190e+01	-3.232e-08
252.712	21.000	-13.600	21.000	21.000	-2.400e+01	-7.214e-08	3.327e+08	-2.400e+01	-2.286e-09	1.050e+10	2.190e+01	-3.247e-08
253.460	21.000	-13.700	21.000	21.000	-2.400e+01	-6.371e-08	3.767e+08	-2.400e+01	-2.290e-09	1.048e+10	2.190e+01	-3.251e-08
254.200	21.000	-13.800	21.000	21.000	-2.400e+01	-5.609e-08	4.279e+08	-2.400e+01	-2.275e-09	1.055e+10	2.190e+01	-3.266e-08
254.940	21.000	-13.900	21.000	21.000	-2.400e+01	-4.911e-08	4.887e+08	-2.400e+01	-2.247e-09	1.068e+10	2.190e+01	-3.270e-08
255.701	21.000	-14.000	21.000	21.000	-2.400e+01	-4.294e-08	5.590e+08	-2.400e+01	-2.276e-09	1.055e+10	2.190e+01	-3.282e-08
256.440	21.000	-14.100	21.000	21.000	-2.400e+01	-3.753e-08	6.394e+08	-2.400e+01	-2.231e-09	1.076e+10	2.190e+01	-3.301e-08
257.180	21.000	-14.200	21.000	21.000	-2.400e+01	-3.267e-08	7.347e+08	-2.400e+01	-2.209e-09	1.087e+10	2.190e+01	-3.313e-08
257.919	21.000	-14.300	21.000	21.000	-2.400e+01	-2.841e-08	8.447e+08	-2.400e+01	-2.165e-09	1.109e+10	2.190e+01	-3.325e-08
258.679	21.000	-14.400	21.000	21.000	-2.400e+01	-2.482e-08	9.668e+08	-2.400e+01	-2.201e-09	1.091e+10	2.190e+01	-3.336e-08
259.420	21.000	-14.500	21.000	21.000	-2.400e+01	-2.173e-08	1.105e+09	-2.400e+01	-2.150e-09	1.116e+10	2.190e+01	-3.339e-08
260.170	21.000	-14.600	21.000	21.000	-2.400e+01	-1.910e-08	1.256e+09	-2.400e+01	-2.145e-09	1.119e+10	2.190e+01	-3.352e-08
260.910	21.000	-14.700	21.000	21.000	-2.400e+01	-1.679e-08	1.430e+09	-2.400e+01	-2.212e-09	1.085e+10	2.190e+01	-3.362e-08
261.650	21.000	-14.800	21.000	21.000	-2.400e+01	-1.491e-08	1.610e+09	-2.400e+01	-2.188e-09	1.097e+10	2.190e+01	-3.377e-08
262.390	21.000	-14.900	21.000	21.000	-2.400e+01	-1.330e-08	1.805e+09	-2.400e+01	-2.178e-09	1.102e+10	2.190e+01	-3.395e-08
263.220	21.000	-15.000	21.000	21.000	-2.400e+01	-1.196e-08	2.007e+09	-2.400e+01	-2.148e-09	1.117e+10	2.190e+01	-3.407e-08
263.960	21.000	-15.100	21.000	21.000	-2.400e+01	-1.096e-08	2.190e+09	-2.400e+01	-2.204e-09	1.089e+10	2.190e+01	-3.410e-08
264.729	21.000	-15.200	21.000	21.000	-2.400e+01	-1.008e-08	2.381e+09	-2.400e+01	-2.172e-09	1.105e+10	2.190e+01	-3.423e-08
265.470	21.000	-15.300	21.000	21.000	-2.400e+01	-9.492e-09	2.528e+09	-2.400e+01	-2.196e-09	1.093e+10	2.190e+01	-3.438e-08
266.220	21.000	-15.400	21.000	21.000	-2.400e+01	-8.934e-09	2.686e+09	-2.400e+01	-2.197e-09	1.092e+10	2.190e+01	-3.441e-08
266.964	21.000	-15.500	21.000	21.000	-2.400e+01	-8.492e-09	2.826e+09	-2.400e+01	-2.177e-09	1.103e+10	2.190e+01	-3.458e-08
267.720	21.000	-15.600	21.000	21.000	-2.400e+01	-8.174e-09	2.936e+09	-2.400e+01	-2.155e-09	1.114e+10	2.190e+01	-3.459e-08
268.453	21.000	-15.700	21.000	21.000	-2.400e+01	-7.853e-09	3.056e+09	-2.400e+01	-2.154e-09	1.114e+10	2.190e+01	-3.472e-08
269.190	21.000	-15.800	21.000	21.000	-2.400e+01	-7.603e-09	3.157e+09	-2.400e+01	-2.164e-09	1.109e+10	2.190e+01	-3.475e-08
269.931	21.000	-15.900	21.000	21.000	-2.400e+01	-7.467e-09	3.214e+09	-2.400e+01	-2.183e-09	1.099e+10	2.190e+01	-3.479e-08
270.651	21.000	-16.000	21.000	21.000	-2.400e+01	-7.268e-09	3.302e+09	-2.400e+01	-2.166e-09	1.108e+10	2.190e+01	-3.492e-08
271.371	21.000	-16.100	21.000	21.000	-2.400e+01	-7.128e-09	3.367e+09	-2.400e+01	-2.178e-09	1.102e+10	2.190e+01	-3.496e-08
272.120	21.000	-16.200	21.000	21.000	-2.400e+01	-7.096e-09	3.382e+09	-2.400e+01	-2.158e-09	1.112e+10	2.190e+01	-3.508e-08
272.924	21.000	-16.300	21.000	21.000	-2.400e+01	-7.001e-09	3.428e+09	-2.400e+01	-2.210e-09	1.086e+10	2.190e+01	-3.523e-08
273.689	21.000	-16.400	21.000	21.000	-2.400e+01	-6.939e-09	3.459e+09	-2.400e+01	-2.188e-09	1.097e+10	2.190e+01	-3.522e-08
274.431	21.000	-16.500	21.000	21.000	-2.400e+01	-6.881e-09	3.488e+09	-2.400e+01	-2.171e-09	1.106e+10	2.190e+01	-3.526e-08
275.171	21.000	-16.600	21.000	21.000	-2.400e+01	-6.806e-09	3.527e+09	-2.400e+01	-2.130e-09	1.127e+10	2.190e+01	-3.538e-08
275.910	21.000	-16.700	21.000	21.000	-2.400e+01	-6.737e-09	3.562e+09	-2.400e+01	-2.185e-09	1.099e+10	2.190e+01	-3.541e-08
276.674	21.000	-16.800	21.000	21.000	-2.400e+01	-6.732e-09	3.565e+09	-2.400e+01	-2.145e-09	1.119e+10	2.190e+01	-3.544e-08
277.410	21.000	-16.900	21.000	21.000	-2.400e+01	-6.707e-09	3.578e+09	-2.400e+01	-2.165e-09	1.109e+10	2.190e+01	-3.559e-08
278.144	21.000	-17.000	21.000	21.000	-2.400e+01	-6.650e-09	3.609e+09	-2.400e+01	-2.164e-09	1.109e+10	2.190e+01	-3.563e-08
278.880	21.000	-17.100	21.000	21.000	-2.400e+01	-6.573e-09	3.651e+09	-2.400e+01	-2.186e-09	1.098e+10	2.190e+01	-3.577e-08
279.632	21.000	-17.200	21.000	21.000	-2.400e+01	-6.617e-09	3.627e+09	-2.400e+01	-2.165e-09	1.109e+10	2.190e+01	-3.580e-08
280.371	21.000	-17.300	21.000	21.000	-2.400e+01	-6.606e-09	3.633e+09	-2.400e+01	-2.184e-09	1.099e+10	2.190e+01	-3.584e-08
281.110	21.000	-17.400	21.000	21.000	-2.400e+01	-6.531e-09	3.675e+09	-2.400e+01	-2.218e-09	1.082e+10	2.190e+01	-3.597e-08
281.851	21.000	-17.500	21.000	21.000	-2.400e+01	-6.546e-09	3.666e+09	-2.400e+01	-2.171e-09	1.105e+10	2.190e+01	-3.601e-08
282.590	21.000	-17.600	21.000	21.000	-2.400e+01	-6.533e-09	3.674e+09	-2.400e+01	-2.184e-09	1.099e+10	2.190e+01	-3.604e-08
283.331	21.000	-17.700	21.000	21.000	-2.400e+01	-6.466e-09	3.712e+09	-2.400e+01	-2.220e-09	1.081e+10	2.190e+01	-3.616e-08
284.063	21.000	-17.800	21.000	21.000	-2.400e+01	-6.465e-09	3.712e+09	-2.400e+01	-2.193e-09	1.095e+10	2.190e+01	-3.630e-08
284.802	21.000	-17.900	21.000	21.000	-2.400e+01	-6.450e-09	3.721e+09	-2.400e+01	-2.185e-09	1.098e+10	2.190e+01	-3.630e-08
285.541	21.000	-18.000	21.000	21.000	-2.400e+01	-6.492e-09	3.697e+09	-2.400e+01	-2.191e-09	1.096e+10	2.190e+01	-3.634e-08
286.281	21.000	-18.100	21.000	21.000	-2.400e+01	-6.484e-09	3.701e+09	-2.400e+01	-2.178e-09	1.102e+10	2.190e+01	-3.650e-08
287.014	21.000	-18.200	21.000	21.000	-2.400e+01	-6.480e-09	3.704e+09	-2.400e+01	-2.218e-09	1.082e+10	2.190e+01	-3.651e-08
287.762	21.000	-18.300	21.000	21.000	-2.400e+01	-6.444e-09	3.724e+09	-2.400e+01	-2.208e-09	1.087e+10	2.190e+01	-3.655e-08
288.494	21.000	-18.400	21.000	21.000	-2.400e+01	-6.444e-09	3.725e+09	-2.400e+01	-2.237e-09	1.073e+10	2.190e+01	-3.667e-08
289.230	21.000	-18.500	21.000	21.000	-2.400e+01	-6.432e-09	3.732e+09	-2.400e+01	-2.202e-09	1.090e+10	2.190e+01	-3.670e-08
289.964	21.000	-18.600	21.000	21.000	-2.400e+01	-6.403e-09	3.748e+09	-2.400e+01	-2.201e-09	1.090e+10	2.190e+01	-3.681e-08
290.714	21.000	-18.700	21.000	21.000	-2.400e+01	-6.424e-09	3.736e+09	-2.400e+01	-2.205e-09	1.089e+10	2.190e+01	-3.685e-08
291.461	21.000	-18.800	21.000	21.000	-2.400e+01	-6.443e-09	3.725e+09	-2.400e+01	-2.162e-09	1.110e+10	2.190e+01	-3.688e-08
292.205	21.000	-18.900	21.000	21.000	-2.400e+01	-6.373e-09	3.766e+09	-2.400e+01	-2.187e-09	1.097e+10	2.190e+01	-3.704e-08
292.954	21.000	-19.000	21.000	21.000	-2.400e+01	-6.390e-09	3.756e+09	-2.400e+01	-2.209e-09	1.086e+10	2.190e+01	-3.716e-08
293.712	21.000	-19.100	21.000	21.000	-2.400e+01	-6.420e-09	3.738e+09	-2.400e+01	-2.223e-09	1.080e+10	2.190e+01	-3.718e-08
294.450	21.000	-19.200	21.000	21.000	-2.400e+01	-6.368e-09	3.769e+09	-2.400e+01	-2.246e-09	1.069e+10	2.190e+01	-3.721e-08
295.191	21.000	-19.300	21.000	21.000	-2.400e+01	-6.388e-09	3.757e+09	-2.400e+01	-2.219e-09	1.082e+10	2.190e+01	-3.736e-08
295.931	21.000	-19.400	21.000	21.000	-2.400e+01	-6.375e-09	3.765e+09	-2.400e+01	-2.226e-09	1.078e+10	2.190e+01	-3.738e-08
296.651	21.000	-19.500	21.000	21.000	-2.400e+01	-6.385e-09	3.759e+09	-2.400e+01	-2.193e-09	1.094e+10	2.190e+01	-3.742e-08
297.384	21.000	-19.600	21.000	21.000	-2.400e+01	-6.394e-09	3.753e+09	-2.400e+01	-2.196e-09	1.093e+10	2.190e+01	-3.754e-08
298.131	21.000	-19.700	21.000	21.000	-2.400e+01	-6.353e-09	3.778e+09	-2.400e+01	-2.239e-09	1.072e+10	2.190e+01	-3.757e-08
298.872	21.000	-19.800	21.000	21.000	-2.400e+01	-6.418e-09	3.739e+09	-2.400e+01	-2.197e-09	1.092e+10	2.190e+01	-3.770e-08
299.623	21.000	-19.900	21.000	21.000	-2.400e+01	-6.389e-09	3.756e+09	-2.400e+01	-2.221e-09	1.081e+10	2.190e+01	-3.773e-08
300.354	21.000	-20.000	21.000	21.000	-2.400e+01	-6.376e-09	3.764e+09	-2.400e+01	-2.222e-09	1.080e+10	2.190e+01	-3.784e-08
