time, s	APT pos, mm	APL pos, mm	APR pos, mm	APB pos, mm	TH1992B_1.VOLT1	TH1992B_1.CURR1	TH1992B_1.RES1	TH1992B_1.VOLT2	TH1992B_1.CURR2	TH1992B_1.RES2
25.612	24.000	20.000	24.000	24.000	-2.400e+01	-9.313e-11	2.577e+11	-2.400e+01	-2.298e-09	1.044e+10
26.447	24.000	19.900	24.000	24.000	-2.400e+01	-1.459e-10	1.645e+11	-2.400e+01	-2.278e-09	1.053e+10
27.162	24.000	19.800	24.000	24.000	-2.400e+01	-1.797e-10	1.335e+11	-2.400e+01	-2.266e-09	1.059e+10
27.883	24.000	19.700	24.000	24.000	-2.400e+01	-1.416e-10	1.695e+11	-2.400e+01	-2.294e-09	1.046e+10
28.593	24.000	19.600	24.000	24.000	-2.400e+01	-1.459e-10	1.645e+11	-2.400e+01	-2.302e-09	1.043e+10
29.302	24.000	19.500	24.000	24.000	-2.400e+01	-1.493e-10	1.607e+11	-2.400e+01	-2.292e-09	1.047e+10
30.012	24.000	19.400	24.000	24.000	-2.400e+01	-1.699e-10	1.412e+11	-2.400e+01	-2.297e-09	1.045e+10
30.722	24.000	19.300	24.000	24.000	-2.400e+01	-1.715e-10	1.399e+11	-2.400e+01	-2.285e-09	1.050e+10
31.449	24.000	19.200	24.000	24.000	-2.400e+01	-1.547e-10	1.551e+11	-2.400e+01	-2.337e-09	1.027e+10
32.179	24.000	19.100	24.000	24.000	-2.400e+01	-1.924e-10	1.247e+11	-2.400e+01	-2.294e-09	1.046e+10
32.898	24.000	19.000	24.000	24.000	-2.400e+01	-1.658e-10	1.448e+11	-2.400e+01	-2.319e-09	1.035e+10
33.631	24.000	18.900	24.000	24.000	-2.400e+01	-1.359e-10	1.767e+11	-2.400e+01	-2.334e-09	1.028e+10
34.359	24.000	18.800	24.000	24.000	-2.400e+01	-1.590e-10	1.510e+11	-2.400e+01	-2.325e-09	1.032e+10
35.089	24.000	18.700	24.000	24.000	-2.400e+01	-1.609e-10	1.491e+11	-2.400e+01	-2.305e-09	1.041e+10
35.819	24.000	18.600	24.000	24.000	-2.400e+01	-1.370e-10	1.751e+11	-2.400e+01	-2.293e-09	1.047e+10
36.560	24.000	18.500	24.000	24.000	-2.400e+01	-1.293e-10	1.856e+11	-2.400e+01	-2.314e-09	1.037e+10
37.309	24.000	18.400	24.000	24.000	-2.400e+01	-1.670e-10	1.437e+11	-2.400e+01	-2.303e-09	1.042e+10
38.049	24.000	18.300	24.000	24.000	-2.400e+01	-1.331e-10	1.803e+11	-2.400e+01	-2.293e-09	1.047e+10
38.783	24.000	18.200	24.000	24.000	-2.400e+01	-1.416e-10	1.695e+11	-2.400e+01	-2.295e-09	1.046e+10
39.548	24.000	18.100	24.000	24.000	-2.400e+01	-1.001e-10	2.397e+11	-2.400e+01	-2.302e-09	1.043e+10
40.283	24.000	18.000	24.000	24.000	-2.400e+01	-1.839e-10	1.305e+11	-2.400e+01	-2.296e-09	1.045e+10
41.033	24.000	17.900	24.000	24.000	-2.400e+01	-1.695e-10	1.416e+11	-2.400e+01	-2.330e-09	1.030e+10
41.772	24.000	17.800	24.000	24.000	-2.400e+01	-1.454e-10	1.651e+11	-2.400e+01	-2.332e-09	1.029e+10
42.529	24.000	17.700	24.000	24.000	-2.400e+01	-1.581e-10	1.518e+11	-2.400e+01	-2.345e-09	1.023e+10
43.269	24.000	17.600	24.000	24.000	-2.400e+01	-1.611e-10	1.490e+11	-2.400e+01	-2.365e-09	1.015e+10
44.012	24.000	17.500	24.000	24.000	-2.400e+01	-1.682e-10	1.427e+11	-2.400e+01	-2.385e-09	1.006e+10
44.758	24.000	17.400	24.000	24.000	-2.400e+01	-1.109e-10	2.165e+11	-2.400e+01	-2.369e-09	1.013e+10
45.492	24.000	17.300	24.000	24.000	-2.400e+01	-1.159e-10	2.071e+11	-2.400e+01	-2.346e-09	1.023e+10
46.229	24.000	17.200	24.000	24.000	-2.400e+01	-1.514e-10	1.585e+11	-2.400e+01	-2.318e-09	1.035e+10
46.969	24.000	17.100	24.000	24.000	-2.400e+01	-1.856e-10	1.293e+11	-2.400e+01	-2.335e-09	1.028e+10
47.709	24.000	17.000	24.000	24.000	-2.400e+01	-1.713e-10	1.401e+11	-2.400e+01	-2.305e-09	1.041e+10
48.463	24.000	16.900	24.000	24.000	-2.400e+01	-1.535e-10	1.563e+11	-2.400e+01	-2.283e-09	1.051e+10
49.207	24.000	16.800	24.000	24.000	-2.400e+01	-1.559e-10	1.540e+11	-2.400e+01	-2.320e-09	1.034e+10
49.949	24.000	16.700	24.000	24.000	-2.400e+01	-1.308e-10	1.835e+11	-2.400e+01	-2.351e-09	1.021e+10
50.692	24.000	16.600	24.000	24.000	-2.400e+01	-8.398e-11	2.858e+11	-2.400e+01	-2.356e-09	1.019e+10
51.448	24.000	16.500	24.000	24.000	-2.400e+01	-1.286e-10	1.866e+11	-2.400e+01	-2.305e-09	1.041e+10
52.189	24.000	16.400	24.000	24.000	-2.400e+01	-9.911e-11	2.422e+11	-2.400e+01	-2.341e-09	1.025e+10
52.910	24.000	16.300	24.000	24.000	-2.400e+01	-1.716e-10	1.399e+11	-2.400e+01	-2.380e-09	1.008e+10
53.712	24.000	16.200	24.000	24.000	-2.400e+01	-1.128e-10	2.129e+11	-2.400e+01	-2.308e-09	1.040e+10
54.460	24.000	16.100	24.000	24.000	-2.400e+01	-1.429e-10	1.680e+11	-2.400e+01	-2.331e-09	1.030e+10
55.213	24.000	16.000	24.000	24.000	-2.400e+01	-9.978e-11	2.405e+11	-2.400e+01	-2.286e-09	1.050e+10
55.963	24.000	15.900	24.000	24.000	-2.400e+01	-7.891e-11	3.041e+11	-2.400e+01	-2.319e-09	1.035e+10
56.700	24.000	15.800	24.000	24.000	-2.400e+01	-1.543e-10	1.556e+11	-2.400e+01	-2.303e-09	1.042e+10
57.440	24.000	15.700	24.000	24.000	-2.400e+01	-1.523e-10	1.576e+11	-2.400e+01	-2.369e-09	1.013e+10
58.180	24.000	15.600	24.000	24.000	-2.400e+01	-7.975e-11	3.009e+11	-2.400e+01	-2.315e-09	1.037e+10
58.899	24.000	15.500	24.000	24.000	-2.400e+01	-1.017e-10	2.360e+11	-2.400e+01	-2.344e-09	1.024e+10
59.633	24.000	15.400	24.000	24.000	-2.400e+01	-1.085e-10	2.212e+11	-2.400e+01	-2.358e-09	1.018e+10
60.369	24.000	15.300	24.000	24.000	-2.400e+01	-9.137e-11	2.627e+11	-2.400e+01	-2.336e-09	1.028e+10
61.109	24.000	15.200	24.000	24.000	-2.400e+01	-1.224e-10	1.961e+11	-2.400e+01	-2.283e-09	1.051e+10
61.850	24.000	15.100	24.000	24.000	-2.400e+01	-1.468e-10	1.634e+11	-2.400e+01	-2.360e-09	1.017e+10
62.591	24.000	15.000	24.000	24.000	-2.400e+01	-1.600e-10	1.500e+11	-2.400e+01	-2.306e-09	1.041e+10
63.330	24.000	14.900	24.000	24.000	-2.400e+01	-1.082e-10	2.218e+11	-2.400e+01	-2.323e-09	1.033e+10
64.050	24.000	14.800	24.000	24.000	-2.400e+01	-1.439e-10	1.668e+11	-2.400e+01	-2.334e-09	1.028e+10
64.789	24.000	14.700	24.000	24.000	-2.400e+01	-1.172e-10	2.049e+11	-2.400e+01	-2.380e-09	1.009e+10
65.549	24.000	14.600	24.000	24.000	-2.400e+01	-7.890e-11	3.042e+11	-2.400e+01	-2.355e-09	1.019e+10
66.290	24.000	14.500	24.000	24.000	-2.400e+01	-9.333e-11	2.572e+11	-2.400e+01	-2.287e-09	1.049e+10
67.030	24.000	14.400	24.000	24.000	-2.400e+01	-7.724e-11	3.107e+11	-2.400e+01	-2.399e-09	1.000e+10
67.774	24.000	14.300	24.000	24.000	-2.400e+01	-1.084e-10	2.214e+11	-2.400e+01	-2.317e-09	1.036e+10
68.511	24.000	14.200	24.000	24.000	-2.400e+01	-9.674e-11	2.481e+11	-2.400e+01	-2.315e-09	1.037e+10
69.249	24.000	14.100	24.000	24.000	-2.400e+01	-1.155e-10	2.078e+11	-2.400e+01	-2.337e-09	1.027e+10
69.983	24.000	14.000	24.000	24.000	-2.400e+01	-1.262e-10	1.902e+11	-2.400e+01	-2.334e-09	1.028e+10
70.720	24.000	13.900	24.000	24.000	-2.400e+01	-1.417e-10	1.694e+11	-2.400e+01	-2.287e-09	1.049e+10
71.460	24.000	13.800	24.000	24.000	-2.400e+01	-1.804e-10	1.330e+11	-2.400e+01	-2.381e-09	1.008e+10
72.200	24.000	13.700	24.000	24.000	-2.400e+01	-1.161e-10	2.068e+11	-2.400e+01	-2.395e-09	1.002e+10
72.940	24.000	13.600	24.000	24.000	-2.400e+01	-1.243e-10	1.930e+11	-2.400e+01	-2.354e-09	1.019e+10
73.681	24.000	13.500	24.000	24.000	-2.400e+01	-1.817e-10	1.321e+11	-2.400e+01	-2.335e-09	1.028e+10
74.431	24.000	13.400	24.000	24.000	-2.400e+01	-1.745e-10	1.375e+11	-2.400e+01	-2.346e-09	1.023e+10
75.167	24.000	13.300	24.000	24.000	-2.400e+01	-1.715e-10	1.399e+11	-2.400e+01	-2.331e-09	1.030e+10
75.914	24.000	13.200	24.000	24.000	-2.400e+01	-2.133e-10	1.125e+11	-2.400e+01	-2.346e-09	1.023e+10
76.670	24.000	13.100	24.000	24.000	-2.400e+01	-2.275e-10	1.055e+11	-2.400e+01	-2.391e-09	1.004e+10
77.407	24.000	13.000	24.000	24.000	-2.400e+01	-2.214e-10	1.084e+11	-2.400e+01	-2.346e-09	1.023e+10
78.163	24.000	12.900	24.000	24.000	-2.400e+01	-2.525e-10	9.506e+10	-2.400e+01	-2.356e-09	1.019e+10
79.013	24.000	12.800	24.000	24.000	-2.400e+01	-2.615e-10	9.178e+10	-2.400e+01	-2.354e-09	1.019e+10
79.760	24.000	12.700	24.000	24.000	-2.400e+01	-3.264e-10	7.353e+10	-2.400e+01	-2.313e-09	1.038e+10
80.510	24.000	12.600	24.000	24.000	-2.400e+01	-4.109e-10	5.841e+10	-2.400e+01	-2.350e-09	1.021e+10
81.250	24.000	12.500	24.000	24.000	-2.400e+01	-4.469e-10	5.370e+10	-2.400e+01	-2.364e-09	1.015e+10
81.990	24.000	12.400	24.000	24.000	-2.400e+01	-6.133e-10	3.913e+10	-2.400e+01	-2.312e-09	1.038e+10
82.740	24.000	12.300	24.000	24.000	-2.400e+01	-7.251e-10	3.310e+10	-2.400e+01	-2.321e-09	1.034e+10
83.489	24.000	12.200	24.000	24.000	-2.400e+01	-8.446e-10	2.841e+10	-2.400e+01	-2.330e-09	1.030e+10
84.263	24.000	12.100	24.000	24.000	-2.400e+01	-1.049e-09	2.289e+10	-2.400e+01	-2.379e-09	1.009e+10
84.994	24.000	12.000	24.000	24.000	-2.400e+01	-1.337e-09	1.795e+10	-2.400e+01	-2.373e-09	1.011e+10
85.730	24.000	11.900	24.000	24.000	-2.400e+01	-1.703e-09	1.409e+10	-2.400e+01	-2.347e-09	1.023e+10
86.500	24.000	11.800	24.000	24.000	-2.400e+01	-2.086e-09	1.151e+10	-2.400e+01	-2.376e-09	1.010e+10
87.250	24.000	11.700	24.000	24.000	-2.400e+01	-2.619e-09	9.163e+09	-2.400e+01	-2.335e-09	1.028e+10
87.983	24.000	11.600	24.000	24.000	-2.400e+01	-3.189e-09	7.526e+09	-2.400e+01	-2.336e-09	1.027e+10
88.730	24.000	11.500	24.000	24.000	-2.400e+01	-3.968e-09	6.048e+09	-2.400e+01	-2.368e-09	1.013e+10
89.490	24.000	11.400	24.000	24.000	-2.400e+01	-4.876e-09	4.922e+09	-2.400e+01	-2.322e-09	1.034e+10
90.240	24.000	11.300	24.000	24.000	-2.400e+01	-6.077e-09	3.950e+09	-2.400e+01	-2.357e-09	1.018e+10
90.980	24.000	11.200	24.000	24.000	-2.400e+01	-7.450e-09	3.221e+09	-2.400e+01	-2.321e-09	1.034e+10
91.720	24.000	11.100	24.000	24.000	-2.400e+01	-9.157e-09	2.621e+09	-2.400e+01	-2.390e-09	1.004e+10
92.460	24.000	11.000	24.000	24.000	-2.400e+01	-1.129e-08	2.126e+09	-2.400e+01	-2.334e-09	1.028e+10
93.190	24.000	10.900	24.000	24.000	-2.400e+01	-1.366e-08	1.757e+09	-2.400e+01	-2.354e-09	1.020e+10
93.923	24.000	10.800	24.000	24.000	-2.400e+01	-1.647e-08	1.457e+09	-2.400e+01	-2.355e-09	1.019e+10
94.670	24.000	10.700	24.000	24.000	-2.400e+01	-1.955e-08	1.228e+09	-2.400e+01	-2.361e-09	1.016e+10
95.442	24.000	10.600	24.000	24.000	-2.400e+01	-2.305e-08	1.041e+09	-2.400e+01	-2.353e-09	1.020e+10
96.190	24.000	10.500	24.000	24.000	-2.400e+01	-2.692e-08	8.914e+08	-2.400e+01	-2.364e-09	1.015e+10
96.941	24.000	10.400	24.000	24.000	-2.400e+01	-3.134e-08	7.658e+08	-2.400e+01	-2.312e-09	1.038e+10
97.690	24.000	10.300	24.000	24.000	-2.400e+01	-3.653e-08	6.570e+08	-2.400e+01	-2.374e-09	1.011e+10
98.442	24.000	10.200	24.000	24.000	-2.400e+01	-4.184e-08	5.736e+08	-2.400e+01	-2.339e-09	1.026e+10
99.190	24.000	10.100	24.000	24.000	-2.400e+01	-4.813e-08	4.986e+08	-2.400e+01	-2.387e-09	1.006e+10
99.940	24.000	10.000	24.000	24.000	-2.400e+01	-5.496e-08	4.367e+08	-2.400e+01	-2.374e-09	1.011e+10
100.691	24.000	9.900	24.000	24.000	-2.400e+01	-6.209e-08	3.865e+08	-2.400e+01	-2.348e-09	1.022e+10
101.448	24.000	9.800	24.000	24.000	-2.400e+01	-6.979e-08	3.439e+08	-2.400e+01	-2.352e-09	1.020e+10
102.191	24.000	9.700	24.000	24.000	-2.400e+01	-7.742e-08	3.100e+08	-2.400e+01	-2.380e-09	1.008e+10
102.940	24.000	9.600	24.000	24.000	-2.400e+01	-8.479e-08	2.831e+08	-2.400e+01	-2.394e-09	1.003e+10
103.691	24.000	9.500	24.000	24.000	-2.400e+01	-9.285e-08	2.585e+08	-2.400e+01	-2.358e-09	1.018e+10
104.441	24.000	9.400	24.000	24.000	-2.400e+01	-9.956e-08	2.411e+08	-2.400e+01	-2.397e-09	1.001e+10
105.190	24.000	9.300	24.000	24.000	-2.400e+01	-1.071e-07	2.240e+08	-2.400e+01	-2.374e-09	1.011e+10
105.934	24.000	9.200	24.000	24.000	-2.400e+01	-1.142e-07	2.101e+08	-2.400e+01	-2.376e-09	1.010e+10
106.664	24.000	9.100	24.000	24.000	-2.400e+01	-1.214e-07	1.978e+08	-2.400e+01	-2.373e-09	1.012e+10
107.401	24.000	9.000	24.000	24.000	-2.400e+01	-1.291e-07	1.860e+08	-2.400e+01	-2.357e-09	1.018e+10
108.150	24.000	8.900	24.000	24.000	-2.400e+01	-1.362e-07	1.762e+08	-2.400e+01	-2.393e-09	1.003e+10
108.871	24.000	8.800	24.000	24.000	-2.400e+01	-1.439e-07	1.668e+08	-2.400e+01	-2.387e-09	1.006e+10
109.611	24.000	8.700	24.000	24.000	-2.400e+01	-1.524e-07	1.575e+08	-2.400e+01	-2.411e-09	9.956e+09
110.361	24.000	8.600	24.000	24.000	-2.400e+01	-1.607e-07	1.494e+08	-2.400e+01	-2.369e-09	1.013e+10
111.111	24.000	8.500	24.000	24.000	-2.400e+01	-1.682e-07	1.427e+08	-2.400e+01	-2.431e-09	9.872e+09
111.851	24.000	8.400	24.000	24.000	-2.400e+01	-1.764e-07	1.360e+08	-2.400e+01	-2.423e-09	9.905e+09
112.585	24.000	8.300	24.000	24.000	-2.400e+01	-1.845e-07	1.301e+08	-2.400e+01	-2.428e-09	9.886e+09
113.320	24.000	8.200	24.000	24.000	-2.400e+01	-1.930e-07	1.244e+08	-2.400e+01	-2.410e-09	9.958e+09
114.116	24.000	8.100	24.000	24.000	-2.400e+01	-2.010e-07	1.194e+08	-2.400e+01	-2.414e-09	9.944e+09
114.860	24.000	8.000	24.000	24.000	-2.400e+01	-2.092e-07	1.147e+08	-2.400e+01	-2.421e-09	9.913e+09
115.602	24.000	7.900	24.000	24.000	-2.400e+01	-2.178e-07	1.102e+08	-2.400e+01	-2.376e-09	1.010e+10
116.351	24.000	7.800	24.000	24.000	-2.400e+01	-2.264e-07	1.060e+08	-2.400e+01	-2.419e-09	9.920e+09
117.090	24.000	7.700	24.000	24.000	-2.400e+01	-2.345e-07	1.023e+08	-2.400e+01	-2.448e-09	9.805e+09
117.831	24.000	7.600	24.000	24.000	-2.400e+01	-2.436e-07	9.853e+07	-2.400e+01	-2.439e-09	9.841e+09
118.572	24.000	7.500	24.000	24.000	-2.400e+01	-2.510e-07	9.563e+07	-2.400e+01	-2.403e-09	9.986e+09
119.321	24.000	7.400	24.000	24.000	-2.400e+01	-2.597e-07	9.240e+07	-2.400e+01	-2.447e-09	9.809e+09
120.060	24.000	7.300	24.000	24.000	-2.400e+01	-2.678e-07	8.961e+07	-2.400e+01	-2.476e-09	9.693e+09
120.811	24.000	7.200	24.000	24.000	-2.400e+01	-2.756e-07	8.708e+07	-2.400e+01	-2.493e-09	9.625e+09
121.563	24.000	7.100	24.000	24.000	-2.400e+01	-2.842e-07	8.445e+07	-2.400e+01	-2.515e-09	9.541e+09
122.301	24.000	7.000	24.000	24.000	-2.400e+01	-2.915e-07	8.232e+07	-2.400e+01	-2.447e-09	9.808e+09
123.041	24.000	6.900	24.000	24.000	-2.400e+01	-3.002e-07	7.994e+07	-2.400e+01	-2.439e-09	9.841e+09
123.781	24.000	6.800	24.000	24.000	-2.400e+01	-3.074e-07	7.807e+07	-2.400e+01	-2.422e-09	9.909e+09
124.541	24.000	6.700	24.000	24.000	-2.400e+01	-3.143e-07	7.636e+07	-2.400e+01	-2.474e-09	9.701e+09
125.291	24.000	6.600	24.000	24.000	-2.400e+01	-3.225e-07	7.443e+07	-2.400e+01	-2.515e-09	9.543e+09
126.041	24.000	6.500	24.000	24.000	-2.400e+01	-3.294e-07	7.285e+07	-2.400e+01	-2.505e-09	9.581e+09
126.781	24.000	6.400	24.000	24.000	-2.400e+01	-3.367e-07	7.128e+07	-2.400e+01	-2.520e-09	9.524e+09
127.540	24.000	6.300	24.000	24.000	-2.400e+01	-3.433e-07	6.990e+07	-2.400e+01	-2.536e-09	9.463e+09
128.281	24.000	6.200	24.000	24.000	-2.400e+01	-3.494e-07	6.869e+07	-2.400e+01	-2.495e-09	9.618e+09
129.021	24.000	6.100	24.000	24.000	-2.400e+01	-3.568e-07	6.726e+07	-2.400e+01	-2.525e-09	9.507e+09
129.761	24.000	6.000	24.000	24.000	-2.400e+01	-3.624e-07	6.622e+07	-2.400e+01	-2.550e-09	9.413e+09
130.721	24.000	5.900	24.000	24.000	-2.400e+01	-3.691e-07	6.502e+07	-2.400e+01	-2.513e-09	9.552e+09
131.731	24.000	5.800	24.000	24.000	-2.400e+01	-3.747e-07	6.406e+07	-2.400e+01	-2.533e-09	9.477e+09
132.490	24.000	5.700	24.000	24.000	-2.400e+01	-3.804e-07	6.310e+07	-2.400e+01	-2.510e-09	9.560e+09
133.231	24.000	5.600	24.000	24.000	-2.400e+01	-3.858e-07	6.220e+07	-2.400e+01	-2.506e-09	9.578e+09
133.971	24.000	5.500	24.000	24.000	-2.400e+01	-3.910e-07	6.138e+07	-2.400e+01	-2.578e-09	9.309e+09
134.711	24.000	5.400	24.000	24.000	-2.400e+01	-3.959e-07	6.062e+07	-2.400e+01	-2.583e-09	9.291e+09
135.462	24.000	5.300	24.000	24.000	-2.400e+01	-4.010e-07	5.984e+07	-2.400e+01	-2.577e-09	9.313e+09
136.201	24.000	5.200	24.000	24.000	-2.400e+01	-4.061e-07	5.909e+07	-2.400e+01	-2.513e-09	9.551e+09
136.941	24.000	5.100	24.000	24.000	-2.400e+01	-4.102e-07	5.850e+07	-2.400e+01	-2.559e-09	9.379e+09
137.682	24.000	5.000	24.000	24.000	-2.400e+01	-4.148e-07	5.786e+07	-2.400e+01	-2.499e-09	9.602e+09
138.443	24.000	4.900	24.000	24.000	-2.400e+01	-4.190e-07	5.728e+07	-2.400e+01	-2.607e-09	9.207e+09
139.191	24.000	4.800	24.000	24.000	-2.400e+01	-4.231e-07	5.672e+07	-2.400e+01	-2.594e-09	9.251e+09
139.931	24.000	4.700	24.000	24.000	-2.400e+01	-4.272e-07	5.619e+07	-2.400e+01	-2.586e-09	9.282e+09
140.675	24.000	4.600	24.000	24.000	-2.400e+01	-4.307e-07	5.572e+07	-2.400e+01	-2.586e-09	9.282e+09
141.432	24.000	4.500	24.000	24.000	-2.400e+01	-4.344e-07	5.525e+07	-2.400e+01	-2.554e-09	9.397e+09
142.182	24.000	4.400	24.000	24.000	-2.400e+01	-4.378e-07	5.482e+07	-2.400e+01	-2.541e-09	9.446e+09
142.921	24.000	4.300	24.000	24.000	-2.400e+01	-4.410e-07	5.442e+07	-2.400e+01	-2.588e-09	9.273e+09
143.718	24.000	4.200	24.000	24.000	-2.400e+01	-4.444e-07	5.400e+07	-2.400e+01	-2.563e-09	9.363e+09
144.465	24.000	4.100	24.000	24.000	-2.400e+01	-4.472e-07	5.367e+07	-2.400e+01	-2.514e-09	9.545e+09
145.211	24.000	4.000	24.000	24.000	-2.400e+01	-4.503e-07	5.330e+07	-2.400e+01	-2.486e-09	9.656e+09
145.952	24.000	3.900	24.000	24.000	-2.400e+01	-4.531e-07	5.296e+07	-2.400e+01	-2.493e-09	9.626e+09
146.691	24.000	3.800	24.000	24.000	-2.400e+01	-4.557e-07	5.267e+07	-2.400e+01	-2.500e-09	9.600e+09
147.443	24.000	3.700	24.000	24.000	-2.400e+01	-4.586e-07	5.233e+07	-2.400e+01	-2.423e-09	9.907e+09
148.181	24.000	3.600	24.000	24.000	-2.400e+01	-4.610e-07	5.206e+07	-2.400e+01	-2.453e-09	9.785e+09
148.922	24.000	3.500	24.000	24.000	-2.400e+01	-4.634e-07	5.179e+07	-2.400e+01	-2.393e-09	1.003e+10
149.665	24.000	3.400	24.000	24.000	-2.400e+01	-4.656e-07	5.154e+07	-2.400e+01	-2.382e-09	1.008e+10
150.415	24.000	3.300	24.000	24.000	-2.400e+01	-4.678e-07	5.130e+07	-2.400e+01	-2.400e-09	1.000e+10
151.152	24.000	3.200	24.000	24.000	-2.400e+01	-4.701e-07	5.106e+07	-2.400e+01	-2.399e-09	1.000e+10
151.891	24.000	3.100	24.000	24.000	-2.400e+01	-4.723e-07	5.081e+07	-2.400e+01	-2.383e-09	1.007e+10
152.643	24.000	3.000	24.000	24.000	-2.400e+01	-4.742e-07	5.061e+07	-2.400e+01	-2.415e-09	9.939e+09
153.411	24.000	2.900	24.000	24.000	-2.400e+01	-4.762e-07	5.040e+07	-2.400e+01	-2.353e-09	1.020e+10
154.152	24.000	2.800	24.000	24.000	-2.400e+01	-4.780e-07	5.021e+07	-2.400e+01	-2.401e-09	9.995e+09
154.893	24.000	2.700	24.000	24.000	-2.400e+01	-4.800e-07	5.000e+07	-2.400e+01	-2.366e-09	1.014e+10
155.634	24.000	2.600	24.000	24.000	-2.400e+01	-4.815e-07	4.984e+07	-2.400e+01	-2.350e-09	1.021e+10
156.372	24.000	2.500	24.000	24.000	-2.400e+01	-4.830e-07	4.968e+07	-2.400e+01	-2.342e-09	1.025e+10
157.121	24.000	2.400	24.000	24.000	-2.400e+01	-4.847e-07	4.951e+07	-2.400e+01	-2.361e-09	1.016e+10
157.862	24.000	2.300	24.000	24.000	-2.400e+01	-4.862e-07	4.936e+07	-2.400e+01	-2.339e-09	1.026e+10
158.613	24.000	2.200	24.000	24.000	-2.400e+01	-4.876e-07	4.922e+07	-2.400e+01	-2.352e-09	1.020e+10
159.352	24.000	2.100	24.000	24.000	-2.400e+01	-4.892e-07	4.906e+07	-2.400e+01	-2.332e-09	1.029e+10
160.096	24.000	2.000	24.000	24.000	-2.400e+01	-4.906e-07	4.892e+07	-2.400e+01	-2.343e-09	1.024e+10
160.846	24.000	1.900	24.000	24.000	-2.400e+01	-4.919e-07	4.879e+07	-2.400e+01	-2.366e-09	1.014e+10
161.593	24.000	1.800	24.000	24.000	-2.400e+01	-4.932e-07	4.866e+07	-2.400e+01	-2.394e-09	1.003e+10
162.342	24.000	1.700	24.000	24.000	-2.400e+01	-4.946e-07	4.853e+07	-2.400e+01	-2.427e-09	9.888e+09
163.082	24.000	1.600	24.000	24.000	-2.400e+01	-4.957e-07	4.841e+07	-2.400e+01	-2.355e-09	1.019e+10
163.815	24.000	1.500	24.000	24.000	-2.400e+01	-4.969e-07	4.830e+07	-2.400e+01	-2.354e-09	1.020e+10
164.563	24.000	1.400	24.000	24.000	-2.400e+01	-4.980e-07	4.820e+07	-2.400e+01	-2.396e-09	1.002e+10
165.312	24.000	1.300	24.000	24.000	-2.400e+01	-4.991e-07	4.809e+07	-2.400e+01	-2.386e-09	1.006e+10
166.252	24.000	1.200	24.000	24.000	-2.400e+01	-5.001e-07	4.799e+07	-2.400e+01	-2.343e-09	1.024e+10
166.992	24.000	1.100	24.000	24.000	-2.400e+01	-5.012e-07	4.788e+07	-2.400e+01	-2.323e-09	1.033e+10
167.732	24.000	1.000	24.000	24.000	-2.400e+01	-5.023e-07	4.778e+07	-2.400e+01	-2.394e-09	1.002e+10
168.492	24.000	0.900	24.000	24.000	-2.400e+01	-5.032e-07	4.769e+07	-2.400e+01	-2.356e-09	1.019e+10
169.342	24.000	0.800	24.000	24.000	-2.400e+01	-5.042e-07	4.760e+07	-2.400e+01	-2.344e-09	1.024e+10
170.082	24.000	0.700	24.000	24.000	-2.400e+01	-5.051e-07	4.752e+07	-2.400e+01	-2.380e-09	1.008e+10
170.815	24.000	0.600	24.000	24.000	-2.400e+01	-5.058e-07	4.745e+07	-2.400e+01	-2.382e-09	1.008e+10
171.563	24.000	0.500	24.000	24.000	-2.400e+01	-5.066e-07	4.737e+07	-2.400e+01	-2.377e-09	1.010e+10
172.303	24.000	0.400	24.000	24.000	-2.400e+01	-5.073e-07	4.731e+07	-2.400e+01	-2.405e-09	9.981e+09
173.042	24.000	0.300	24.000	24.000	-2.400e+01	-5.081e-07	4.723e+07	-2.400e+01	-2.385e-09	1.006e+10
173.836	24.000	0.200	24.000	24.000	-2.400e+01	-5.088e-07	4.717e+07	-2.400e+01	-2.425e-09	9.897e+09
174.583	24.000	0.100	24.000	24.000	-2.400e+01	-5.096e-07	4.710e+07	-2.400e+01	-2.384e-09	1.007e+10
175.322	24.000	-0.000	24.000	24.000	-2.400e+01	-5.102e-07	4.704e+07	-2.400e+01	-2.374e-09	1.011e+10
176.062	24.000	-0.100	24.000	24.000	-2.400e+01	-5.109e-07	4.698e+07	-2.400e+01	-2.357e-09	1.018e+10
176.802	24.000	-0.200	24.000	24.000	-2.400e+01	-5.113e-07	4.694e+07	-2.400e+01	-2.374e-09	1.011e+10
177.564	24.000	-0.300	24.000	24.000	-2.400e+01	-5.119e-07	4.689e+07	-2.400e+01	-2.402e-09	9.993e+09
178.312	24.000	-0.400	24.000	24.000	-2.400e+01	-5.123e-07	4.684e+07	-2.400e+01	-2.392e-09	1.003e+10
179.052	24.000	-0.500	24.000	24.000	-2.400e+01	-5.129e-07	4.679e+07	-2.400e+01	-2.385e-09	1.006e+10
179.792	24.000	-0.600	24.000	24.000	-2.400e+01	-5.134e-07	4.675e+07	-2.400e+01	-2.397e-09	1.001e+10
180.552	24.000	-0.700	24.000	24.000	-2.400e+01	-5.139e-07	4.671e+07	-2.400e+01	-2.369e-09	1.013e+10
181.285	24.000	-0.800	24.000	24.000	-2.400e+01	-5.144e-07	4.666e+07	-2.400e+01	-2.366e-09	1.014e+10
182.032	24.000	-0.900	24.000	24.000	-2.400e+01	-5.148e-07	4.662e+07	-2.400e+01	-2.387e-09	1.006e+10
182.773	24.000	-1.000	24.000	24.000	-2.400e+01	-5.154e-07	4.657e+07	-2.400e+01	-2.399e-09	1.000e+10
183.532	24.000	-1.100	24.000	24.000	-2.400e+01	-5.158e-07	4.653e+07	-2.400e+01	-2.424e-09	9.902e+09
184.246	24.000	-1.200	24.000	24.000	-2.400e+01	-5.163e-07	4.648e+07	-2.400e+01	-2.422e-09	9.907e+09
184.992	24.000	-1.300	24.000	24.000	-2.400e+01	-5.167e-07	4.645e+07	-2.400e+01	-2.401e-09	9.995e+09
185.733	24.000	-1.400	24.000	24.000	-2.400e+01	-5.171e-07	4.641e+07	-2.400e+01	-2.342e-09	1.025e+10
186.491	24.000	-1.500	24.000	24.000	-2.400e+01	-5.175e-07	4.637e+07	-2.400e+01	-2.407e-09	9.972e+09
187.232	24.000	-1.600	24.000	24.000	-2.400e+01	-5.177e-07	4.636e+07	-2.400e+01	-2.414e-09	9.942e+09
187.983	24.000	-1.700	24.000	24.000	-2.400e+01	-5.182e-07	4.632e+07	-2.400e+01	-2.374e-09	1.011e+10
188.732	24.000	-1.800	24.000	24.000	-2.400e+01	-5.185e-07	4.629e+07	-2.400e+01	-2.412e-09	9.951e+09
189.486	24.000	-1.900	24.000	24.000	-2.400e+01	-5.188e-07	4.626e+07	-2.400e+01	-2.410e-09	9.960e+09
190.215	24.000	-2.000	24.000	24.000	-2.400e+01	-5.192e-07	4.622e+07	-2.400e+01	-2.414e-09	9.940e+09
190.953	24.000	-2.100	24.000	24.000	-2.400e+01	-5.195e-07	4.620e+07	-2.400e+01	-2.423e-09	9.905e+09
191.673	24.000	-2.200	24.000	24.000	-2.400e+01	-5.199e-07	4.617e+07	-2.400e+01	-2.378e-09	1.009e+10
192.412	24.000	-2.300	24.000	24.000	-2.400e+01	-5.202e-07	4.613e+07	-2.400e+01	-2.408e-09	9.966e+09
193.153	24.000	-2.400	24.000	24.000	-2.400e+01	-5.204e-07	4.612e+07	-2.400e+01	-2.427e-09	9.888e+09
193.893	24.000	-2.500	24.000	24.000	-2.400e+01	-5.207e-07	4.609e+07	-2.400e+01	-2.437e-09	9.848e+09
194.634	24.000	-2.600	24.000	24.000	-2.400e+01	-5.209e-07	4.607e+07	-2.400e+01	-2.423e-09	9.905e+09
195.372	24.000	-2.700	24.000	24.000	-2.400e+01	-5.212e-07	4.605e+07	-2.400e+01	-2.406e-09	9.973e+09
196.113	24.000	-2.800	24.000	24.000	-2.400e+01	-5.215e-07	4.602e+07	-2.400e+01	-2.411e-09	9.953e+09
196.835	24.000	-2.900	24.000	24.000	-2.400e+01	-5.218e-07	4.600e+07	-2.400e+01	-2.419e-09	9.920e+09
197.584	24.000	-3.000	24.000	24.000	-2.400e+01	-5.220e-07	4.597e+07	-2.400e+01	-2.382e-09	1.007e+10
198.333	24.000	-3.100	24.000	24.000	-2.400e+01	-5.223e-07	4.595e+07	-2.400e+01	-2.423e-09	9.905e+09
199.073	24.000	-3.200	24.000	24.000	-2.400e+01	-5.226e-07	4.593e+07	-2.400e+01	-2.385e-09	1.006e+10
199.827	24.000	-3.300	24.000	24.000	-2.400e+01	-5.228e-07	4.591e+07	-2.400e+01	-2.299e-09	1.044e+10
200.578	24.000	-3.400	24.000	24.000	-2.400e+01	-5.230e-07	4.589e+07	-2.400e+01	-2.356e-09	1.019e+10
201.323	24.000	-3.500	24.000	24.000	-2.400e+01	-5.232e-07	4.587e+07	-2.400e+01	-2.343e-09	1.024e+10
202.102	24.000	-3.600	24.000	24.000	-2.400e+01	-5.235e-07	4.584e+07	-2.400e+01	-2.361e-09	1.016e+10
202.843	24.000	-3.700	24.000	24.000	-2.400e+01	-5.238e-07	4.582e+07	-2.400e+01	-2.344e-09	1.024e+10
203.585	24.000	-3.800	24.000	24.000	-2.400e+01	-5.239e-07	4.581e+07	-2.400e+01	-2.366e-09	1.014e+10
204.378	24.000	-3.900	24.000	24.000	-2.400e+01	-5.242e-07	4.579e+07	-2.400e+01	-2.362e-09	1.016e+10
205.123	24.000	-4.000	24.000	24.000	-2.400e+01	-5.244e-07	4.577e+07	-2.400e+01	-2.324e-09	1.033e+10
205.873	24.000	-4.100	24.000	24.000	-2.400e+01	-5.245e-07	4.576e+07	-2.400e+01	-2.347e-09	1.023e+10
206.624	24.000	-4.200	24.000	24.000	-2.400e+01	-5.248e-07	4.574e+07	-2.400e+01	-2.309e-09	1.039e+10
207.372	24.000	-4.300	24.000	24.000	-2.400e+01	-5.249e-07	4.572e+07	-2.400e+01	-2.289e-09	1.048e+10
208.113	24.000	-4.400	24.000	24.000	-2.400e+01	-5.249e-07	4.572e+07	-2.400e+01	-2.291e-09	1.048e+10
208.863	24.000	-4.500	24.000	24.000	-2.400e+01	-5.251e-07	4.570e+07	-2.400e+01	-2.343e-09	1.024e+10
209.614	24.000	-4.600	24.000	24.000	-2.400e+01	-5.252e-07	4.570e+07	-2.400e+01	-2.256e-09	1.064e+10
210.356	24.000	-4.700	24.000	24.000	-2.400e+01	-5.253e-07	4.569e+07	-2.400e+01	-2.257e-09	1.063e+10
211.102	24.000	-4.800	24.000	24.000	-2.400e+01	-5.255e-07	4.567e+07	-2.400e+01	-2.302e-09	1.043e+10
211.853	24.000	-4.900	24.000	24.000	-2.400e+01	-5.255e-07	4.567e+07	-2.400e+01	-2.288e-09	1.049e+10
212.624	24.000	-5.000	24.000	24.000	-2.400e+01	-5.255e-07	4.567e+07	-2.400e+01	-2.277e-09	1.054e+10
213.363	24.000	-5.100	24.000	24.000	-2.400e+01	-5.256e-07	4.566e+07	-2.400e+01	-2.294e-09	1.046e+10
214.103	24.000	-5.200	24.000	24.000	-2.400e+01	-5.258e-07	4.564e+07	-2.400e+01	-2.280e-09	1.052e+10
214.853	24.000	-5.300	24.000	24.000	-2.400e+01	-5.259e-07	4.564e+07	-2.400e+01	-2.277e-09	1.054e+10
215.605	24.000	-5.400	24.000	24.000	-2.400e+01	-5.260e-07	4.563e+07	-2.400e+01	-2.285e-09	1.050e+10
216.357	24.000	-5.500	24.000	24.000	-2.400e+01	-5.260e-07	4.563e+07	-2.400e+01	-2.222e-09	1.080e+10
217.107	24.000	-5.600	24.000	24.000	-2.400e+01	-5.261e-07	4.562e+07	-2.400e+01	-2.213e-09	1.085e+10
217.846	24.000	-5.700	24.000	24.000	-2.400e+01	-5.262e-07	4.561e+07	-2.400e+01	-2.219e-09	1.082e+10
218.594	24.000	-5.800	24.000	24.000	-2.400e+01	-5.262e-07	4.561e+07	-2.400e+01	-2.206e-09	1.088e+10
219.344	24.000	-5.900	24.000	24.000	-2.400e+01	-5.264e-07	4.559e+07	-2.400e+01	-2.243e-09	1.070e+10
220.093	24.000	-6.000	24.000	24.000	-2.400e+01	-5.265e-07	4.558e+07	-2.400e+01	-2.207e-09	1.088e+10
220.843	24.000	-6.100	24.000	24.000	-2.400e+01	-5.266e-07	4.558e+07	-2.400e+01	-2.247e-09	1.068e+10
221.635	24.000	-6.200	24.000	24.000	-2.400e+01	-5.267e-07	4.557e+07	-2.400e+01	-2.208e-09	1.087e+10
222.383	24.000	-6.300	24.000	24.000	-2.400e+01	-5.267e-07	4.556e+07	-2.400e+01	-2.232e-09	1.075e+10
223.126	24.000	-6.400	24.000	24.000	-2.400e+01	-5.267e-07	4.556e+07	-2.400e+01	-2.154e-09	1.114e+10
223.873	24.000	-6.500	24.000	24.000	-2.400e+01	-5.268e-07	4.556e+07	-2.400e+01	-2.206e-09	1.088e+10
224.625	24.000	-6.600	24.000	24.000	-2.400e+01	-5.268e-07	4.556e+07	-2.400e+01	-2.215e-09	1.084e+10
225.373	24.000	-6.700	24.000	24.000	-2.400e+01	-5.268e-07	4.556e+07	-2.400e+01	-2.197e-09	1.092e+10
226.124	24.000	-6.800	24.000	24.000	-2.400e+01	-5.269e-07	4.555e+07	-2.400e+01	-2.206e-09	1.088e+10
226.873	24.000	-6.900	24.000	24.000	-2.400e+01	-5.269e-07	4.555e+07	-2.400e+01	-2.154e-09	1.114e+10
227.625	24.000	-7.000	24.000	24.000	-2.400e+01	-5.270e-07	4.554e+07	-2.400e+01	-2.116e-09	1.134e+10
228.383	24.000	-7.100	24.000	24.000	-2.400e+01	-5.271e-07	4.554e+07	-2.400e+01	-2.186e-09	1.098e+10
229.133	24.000	-7.200	24.000	24.000	-2.400e+01	-5.271e-07	4.553e+07	-2.400e+01	-2.121e-09	1.132e+10
229.904	24.000	-7.300	24.000	24.000	-2.400e+01	-5.271e-07	4.553e+07	-2.400e+01	-2.137e-09	1.123e+10
230.653	24.000	-7.400	24.000	24.000	-2.400e+01	-5.272e-07	4.553e+07	-2.400e+01	-2.061e-09	1.165e+10
231.404	24.000	-7.500	24.000	24.000	-2.400e+01	-5.271e-07	4.553e+07	-2.400e+01	-2.109e-09	1.138e+10
232.153	24.000	-7.600	24.000	24.000	-2.400e+01	-5.272e-07	4.553e+07	-2.400e+01	-2.064e-09	1.163e+10
232.903	24.000	-7.700	24.000	24.000	-2.400e+01	-5.272e-07	4.552e+07	-2.400e+01	-2.071e-09	1.159e+10
233.697	24.000	-7.800	24.000	24.000	-2.400e+01	-5.272e-07	4.553e+07	-2.400e+01	-2.055e-09	1.168e+10
234.451	24.000	-7.900	24.000	24.000	-2.400e+01	-5.273e-07	4.551e+07	-2.400e+01	-2.095e-09	1.146e+10
235.194	24.000	-8.000	24.000	24.000	-2.400e+01	-5.274e-07	4.551e+07	-2.400e+01	-2.075e-09	1.157e+10
235.943	24.000	-8.100	24.000	24.000	-2.400e+01	-5.275e-07	4.550e+07	-2.400e+01	-2.027e-09	1.184e+10
236.684	24.000	-8.200	24.000	24.000	-2.400e+01	-5.275e-07	4.550e+07	-2.400e+01	-2.089e-09	1.149e+10
237.445	24.000	-8.300	24.000	24.000	-2.400e+01	-5.276e-07	4.549e+07	-2.400e+01	-2.002e-09	1.199e+10
238.317	24.000	-8.400	24.000	24.000	-2.400e+01	-5.277e-07	4.548e+07	-2.400e+01	-2.001e-09	1.199e+10
239.063	24.000	-8.500	24.000	24.000	-2.400e+01	-5.277e-07	4.548e+07	-2.400e+01	-2.015e-09	1.191e+10
239.817	24.000	-8.600	24.000	24.000	-2.400e+01	-5.278e-07	4.547e+07	-2.400e+01	-2.014e-09	1.191e+10
240.558	24.000	-8.700	24.000	24.000	-2.400e+01	-5.279e-07	4.547e+07	-2.400e+01	-2.015e-09	1.191e+10
241.304	24.000	-8.800	24.000	24.000	-2.400e+01	-5.279e-07	4.546e+07	-2.400e+01	-2.023e-09	1.186e+10
242.054	24.000	-8.900	24.000	24.000	-2.400e+01	-5.280e-07	4.545e+07	-2.400e+01	-1.970e-09	1.218e+10
242.803	24.000	-9.000	24.000	24.000	-2.400e+01	-5.281e-07	4.545e+07	-2.400e+01	-2.017e-09	1.190e+10
243.565	24.000	-9.100	24.000	24.000	-2.400e+01	-5.281e-07	4.544e+07	-2.400e+01	-1.936e-09	1.240e+10
244.347	24.000	-9.200	24.000	24.000	-2.400e+01	-5.282e-07	4.544e+07	-2.400e+01	-1.936e-09	1.239e+10
245.087	24.000	-9.300	24.000	24.000	-2.400e+01	-5.281e-07	4.544e+07	-2.400e+01	-1.937e-09	1.239e+10
245.834	24.000	-9.400	24.000	24.000	-2.400e+01	-5.281e-07	4.545e+07	-2.400e+01	-1.941e-09	1.237e+10
246.544	24.000	-9.500	24.000	24.000	-2.400e+01	-5.279e-07	4.547e+07	-2.400e+01	-1.922e-09	1.249e+10
247.294	24.000	-9.600	24.000	24.000	-2.400e+01	-5.276e-07	4.549e+07	-2.400e+01	-1.930e-09	1.244e+10
248.044	24.000	-9.700	24.000	24.000	-2.400e+01	-5.269e-07	4.555e+07	-2.400e+01	-1.914e-09	1.254e+10
248.794	24.000	-9.800	24.000	24.000	-2.400e+01	-5.264e-07	4.560e+07	-2.400e+01	-1.935e-09	1.240e+10
249.563	24.000	-9.900	24.000	24.000	-2.400e+01	-5.257e-07	4.565e+07	-2.400e+01	-1.864e-09	1.288e+10
250.314	24.000	-10.000	24.000	24.000	-2.400e+01	-5.248e-07	4.573e+07	-2.400e+01	-1.876e-09	1.279e+10
251.053	24.000	-10.100	24.000	24.000	-2.400e+01	-5.237e-07	4.583e+07	-2.400e+01	-1.866e-09	1.286e+10
251.794	24.000	-10.200	24.000	24.000	-2.400e+01	-5.222e-07	4.596e+07	-2.400e+01	-1.824e-09	1.316e+10
252.564	24.000	-10.300	24.000	24.000	-2.400e+01	-5.204e-07	4.612e+07	-2.400e+01	-1.859e-09	1.291e+10
253.314	24.000	-10.400	24.000	24.000	-2.400e+01	-5.185e-07	4.629e+07	-2.400e+01	-1.820e-09	1.318e+10
254.064	24.000	-10.500	24.000	24.000	-2.400e+01	-5.162e-07	4.650e+07	-2.400e+01	-1.852e-09	1.296e+10
254.804	24.000	-10.600	24.000	24.000	-2.400e+01	-5.136e-07	4.673e+07	-2.400e+01	-1.800e-09	1.333e+10
255.565	24.000	-10.700	24.000	24.000	-2.400e+01	-5.108e-07	4.699e+07	-2.400e+01	-1.799e-09	1.334e+10
256.314	24.000	-10.800	24.000	24.000	-2.400e+01	-5.077e-07	4.727e+07	-2.400e+01	-1.813e-09	1.324e+10
257.064	24.000	-10.900	24.000	24.000	-2.400e+01	-5.043e-07	4.759e+07	-2.400e+01	-1.831e-09	1.311e+10
257.815	24.000	-11.000	24.000	24.000	-2.400e+01	-5.007e-07	4.794e+07	-2.400e+01	-1.815e-09	1.322e+10
258.565	24.000	-11.100	24.000	24.000	-2.400e+01	-4.968e-07	4.831e+07	-2.400e+01	-1.715e-09	1.399e+10
259.314	24.000	-11.200	24.000	24.000	-2.400e+01	-4.926e-07	4.872e+07	-2.400e+01	-1.729e-09	1.388e+10
260.057	24.000	-11.300	24.000	24.000	-2.400e+01	-4.881e-07	4.917e+07	-2.400e+01	-1.720e-09	1.396e+10
260.797	24.000	-11.400	24.000	24.000	-2.400e+01	-4.833e-07	4.966e+07	-2.400e+01	-1.727e-09	1.389e+10
261.565	24.000	-11.500	24.000	24.000	-2.400e+01	-4.781e-07	5.020e+07	-2.400e+01	-1.693e-09	1.418e+10
262.307	24.000	-11.600	24.000	24.000	-2.400e+01	-4.724e-07	5.080e+07	-2.400e+01	-1.691e-09	1.419e+10
263.048	24.000	-11.700	24.000	24.000	-2.400e+01	-4.663e-07	5.147e+07	-2.400e+01	-1.694e-09	1.417e+10
263.846	24.000	-11.800	24.000	24.000	-2.400e+01	-4.600e-07	5.218e+07	-2.400e+01	-1.654e-09	1.451e+10
264.596	24.000	-11.900	24.000	24.000	-2.400e+01	-4.532e-07	5.296e+07	-2.400e+01	-1.625e-09	1.477e+10
265.344	24.000	-12.000	24.000	24.000	-2.400e+01	-4.463e-07	5.378e+07	-2.400e+01	-1.650e-09	1.454e+10
266.087	24.000	-12.100	24.000	24.000	-2.400e+01	-4.387e-07	5.471e+07	-2.400e+01	-1.658e-09	1.448e+10
266.834	24.000	-12.200	24.000	24.000	-2.400e+01	-4.308e-07	5.571e+07	-2.400e+01	-1.664e-09	1.443e+10
267.586	24.000	-12.300	24.000	24.000	-2.400e+01	-4.224e-07	5.682e+07	-2.400e+01	-1.627e-09	1.475e+10
268.335	24.000	-12.400	24.000	24.000	-2.400e+01	-4.136e-07	5.803e+07	-2.400e+01	-1.649e-09	1.456e+10
269.084	24.000	-12.500	24.000	24.000	-2.400e+01	-4.044e-07	5.935e+07	-2.400e+01	-1.627e-09	1.476e+10
269.835	24.000	-12.600	24.000	24.000	-2.400e+01	-3.949e-07	6.077e+07	-2.400e+01	-1.630e-09	1.473e+10
270.566	24.000	-12.700	24.000	24.000	-2.400e+01	-3.849e-07	6.235e+07	-2.400e+01	-1.665e-09	1.441e+10
271.314	24.000	-12.800	24.000	24.000	-2.400e+01	-3.748e-07	6.404e+07	-2.400e+01	-1.618e-09	1.483e+10
272.064	24.000	-12.900	24.000	24.000	-2.400e+01	-3.642e-07	6.590e+07	-2.400e+01	-1.633e-09	1.469e+10
272.804	24.000	-13.000	24.000	24.000	-2.400e+01	-3.533e-07	6.793e+07	-2.400e+01	-1.591e-09	1.509e+10
273.854	24.000	-13.100	24.000	24.000	-2.400e+01	-3.423e-07	7.012e+07	-2.400e+01	-1.583e-09	1.516e+10
274.886	24.000	-13.200	24.000	24.000	-2.400e+01	-3.309e-07	7.254e+07	-2.400e+01	-1.590e-09	1.510e+10
275.636	24.000	-13.300	24.000	24.000	-2.400e+01	-3.190e-07	7.523e+07	-2.400e+01	-1.603e-09	1.497e+10
276.385	24.000	-13.400	24.000	24.000	-2.400e+01	-3.070e-07	7.819e+07	-2.400e+01	-1.565e-09	1.533e+10
277.135	24.000	-13.500	24.000	24.000	-2.400e+01	-2.948e-07	8.142e+07	-2.400e+01	-1.559e-09	1.539e+10
277.875	24.000	-13.600	24.000	24.000	-2.400e+01	-2.822e-07	8.505e+07	-2.400e+01	-1.534e-09	1.564e+10
278.626	24.000	-13.700	24.000	24.000	-2.400e+01	-2.696e-07	8.902e+07	-2.400e+01	-1.526e-09	1.573e+10
279.375	24.000	-13.800	24.000	24.000	-2.400e+01	-2.576e-07	9.317e+07	-2.400e+01	-1.544e-09	1.554e+10
280.115	24.000	-13.900	24.000	24.000	-2.400e+01	-2.455e-07	9.776e+07	-2.400e+01	-1.526e-09	1.572e+10
280.864	24.000	-14.000	24.000	24.000	-2.400e+01	-2.334e-07	1.028e+08	-2.400e+01	-1.497e-09	1.603e+10
281.619	24.000	-14.100	24.000	24.000	-2.400e+01	-2.214e-07	1.084e+08	-2.400e+01	-1.491e-09	1.610e+10
282.365	24.000	-14.200	24.000	24.000	-2.400e+01	-2.098e-07	1.144e+08	-2.400e+01	-1.510e-09	1.589e+10
283.115	24.000	-14.300	24.000	24.000	-2.400e+01	-1.990e-07	1.206e+08	-2.400e+01	-1.556e-09	1.543e+10
283.845	24.000	-14.400	24.000	24.000	-2.400e+01	-1.880e-07	1.277e+08	-2.400e+01	-1.531e-09	1.567e+10
284.620	24.000	-14.500	24.000	24.000	-2.400e+01	-1.776e-07	1.351e+08	-2.400e+01	-1.432e-09	1.676e+10
285.379	24.000	-14.600	24.000	24.000	-2.400e+01	-1.679e-07	1.429e+08	-2.400e+01	-1.507e-09	1.593e+10
286.118	24.000	-14.700	24.000	24.000	-2.400e+01	-1.584e-07	1.515e+08	-2.400e+01	-1.503e-09	1.597e+10
286.865	24.000	-14.800	24.000	24.000	-2.400e+01	-1.497e-07	1.603e+08	-2.400e+01	-1.442e-09	1.665e+10
287.616	24.000	-14.900	24.000	24.000	-2.400e+01	-1.411e-07	1.701e+08	-2.400e+01	-1.504e-09	1.595e+10
288.365	24.000	-15.000	24.000	24.000	-2.400e+01	-1.331e-07	1.803e+08	-2.400e+01	-1.455e-09	1.650e+10
289.089	24.000	-15.100	24.000	24.000	-2.400e+01	-1.256e-07	1.911e+08	-2.400e+01	-1.458e-09	1.646e+10
289.845	24.000	-15.200	24.000	24.000	-2.400e+01	-1.179e-07	2.036e+08	-2.400e+01	-1.417e-09	1.693e+10
290.577	24.000	-15.300	24.000	24.000	-2.400e+01	-1.111e-07	2.159e+08	-2.400e+01	-1.492e-09	1.609e+10
291.328	24.000	-15.400	24.000	24.000	-2.400e+01	-1.045e-07	2.297e+08	-2.400e+01	-1.444e-09	1.662e+10
292.079	24.000	-15.500	24.000	24.000	-2.400e+01	-9.800e-08	2.449e+08	-2.400e+01	-1.466e-09	1.637e+10
292.825	24.000	-15.600	24.000	24.000	-2.400e+01	-9.194e-08	2.610e+08	-2.400e+01	-1.477e-09	1.625e+10
293.566	24.000	-15.700	24.000	24.000	-2.400e+01	-8.622e-08	2.784e+08	-2.400e+01	-1.439e-09	1.668e+10
294.358	24.000	-15.800	24.000	24.000	-2.400e+01	-8.046e-08	2.983e+08	-2.400e+01	-1.404e-09	1.709e+10
295.095	24.000	-15.900	24.000	24.000	-2.400e+01	-7.515e-08	3.193e+08	-2.400e+01	-1.452e-09	1.653e+10
295.845	24.000	-16.000	24.000	24.000	-2.400e+01	-6.991e-08	3.433e+08	-2.400e+01	-1.470e-09	1.633e+10
296.596	24.000	-16.100	24.000	24.000	-2.400e+01	-6.512e-08	3.685e+08	-2.400e+01	-1.429e-09	1.680e+10
297.345	24.000	-16.200	24.000	24.000	-2.400e+01	-6.023e-08	3.985e+08	-2.400e+01	-1.392e-09	1.724e+10
298.085	24.000	-16.300	24.000	24.000	-2.400e+01	-5.579e-08	4.302e+08	-2.400e+01	-1.432e-09	1.676e+10
298.815	24.000	-16.400	24.000	24.000	-2.400e+01	-5.148e-08	4.662e+08	-2.400e+01	-1.392e-09	1.724e+10
299.567	24.000	-16.500	24.000	24.000	-2.400e+01	-4.730e-08	5.074e+08	-2.400e+01	-1.431e-09	1.677e+10
300.315	24.000	-16.600	24.000	24.000	-2.400e+01	-4.344e-08	5.525e+08	-2.400e+01	-1.397e-09	1.719e+10
301.065	24.000	-16.700	24.000	24.000	-2.400e+01	-3.961e-08	6.059e+08	-2.400e+01	-1.432e-09	1.676e+10
301.786	24.000	-16.800	24.000	24.000	-2.400e+01	-3.593e-08	6.679e+08	-2.400e+01	-1.441e-09	1.665e+10
302.535	24.000	-16.900	24.000	24.000	-2.400e+01	-3.262e-08	7.357e+08	-2.400e+01	-1.386e-09	1.731e+10
303.286	24.000	-17.000	24.000	24.000	-2.400e+01	-2.957e-08	8.116e+08	-2.400e+01	-1.420e-09	1.690e+10
304.035	24.000	-17.100	24.000	24.000	-2.400e+01	-2.654e-08	9.044e+08	-2.400e+01	-1.408e-09	1.704e+10
304.786	24.000	-17.200	24.000	24.000	-2.400e+01	-2.378e-08	1.009e+09	-2.400e+01	-1.383e-09	1.735e+10
305.554	24.000	-17.300	24.000	24.000	-2.400e+01	-2.105e-08	1.140e+09	-2.400e+01	-1.425e-09	1.684e+10
306.295	24.000	-17.400	24.000	24.000	-2.400e+01	-1.889e-08	1.271e+09	-2.400e+01	-1.436e-09	1.672e+10
307.045	24.000	-17.500	24.000	24.000	-2.400e+01	-1.664e-08	1.442e+09	-2.400e+01	-1.398e-09	1.717e+10
307.795	24.000	-17.600	24.000	24.000	-2.400e+01	-1.458e-08	1.647e+09	-2.400e+01	-1.383e-09	1.735e+10
308.538	24.000	-17.700	24.000	24.000	-2.400e+01	-1.268e-08	1.893e+09	-2.400e+01	-1.385e-09	1.732e+10
309.396	24.000	-17.800	24.000	24.000	-2.400e+01	-1.107e-08	2.167e+09	-2.400e+01	-1.374e-09	1.747e+10
310.146	24.000	-17.900	24.000	24.000	-2.400e+01	-9.629e-09	2.493e+09	-2.400e+01	-1.410e-09	1.702e+10
310.876	24.000	-18.000	24.000	24.000	-2.400e+01	-8.399e-09	2.857e+09	-2.400e+01	-1.405e-09	1.709e+10
311.627	24.000	-18.100	24.000	24.000	-2.400e+01	-7.310e-09	3.283e+09	-2.400e+01	-1.419e-09	1.692e+10
312.385	24.000	-18.200	24.000	24.000	-2.400e+01	-6.380e-09	3.762e+09	-2.400e+01	-1.358e-09	1.767e+10
313.135	24.000	-18.300	24.000	24.000	-2.400e+01	-5.647e-09	4.250e+09	-2.400e+01	-1.369e-09	1.753e+10
313.886	24.000	-18.400	24.000	24.000	-2.400e+01	-4.948e-09	4.851e+09	-2.400e+01	-1.357e-09	1.769e+10
314.617	24.000	-18.500	24.000	24.000	-2.400e+01	-4.475e-09	5.363e+09	-2.400e+01	-1.370e-09	1.751e+10
315.366	24.000	-18.600	24.000	24.000	-2.400e+01	-3.978e-09	6.033e+09	-2.400e+01	-1.368e-09	1.754e+10
316.108	24.000	-18.700	24.000	24.000	-2.400e+01	-3.607e-09	6.654e+09	-2.400e+01	-1.364e-09	1.760e+10
316.856	24.000	-18.800	24.000	24.000	-2.400e+01	-3.354e-09	7.155e+09	-2.400e+01	-1.376e-09	1.745e+10
317.596	24.000	-18.900	24.000	24.000	-2.400e+01	-3.077e-09	7.800e+09	-2.400e+01	-1.351e-09	1.776e+10
318.339	24.000	-19.000	24.000	24.000	-2.400e+01	-2.850e-09	8.421e+09	-2.400e+01	-1.358e-09	1.768e+10
319.086	24.000	-19.100	24.000	24.000	-2.400e+01	-2.673e-09	8.977e+09	-2.400e+01	-1.338e-09	1.794e+10
319.836	24.000	-19.200	24.000	24.000	-2.400e+01	-2.609e-09	9.198e+09	-2.400e+01	-1.377e-09	1.743e+10
320.587	24.000	-19.300	24.000	24.000	-2.400e+01	-2.470e-09	9.716e+09	-2.400e+01	-1.347e-09	1.782e+10
321.329	24.000	-19.400	24.000	24.000	-2.400e+01	-2.390e-09	1.004e+10	-2.400e+01	-1.348e-09	1.780e+10
322.069	24.000	-19.500	24.000	24.000	-2.400e+01	-2.330e-09	1.030e+10	-2.400e+01	-1.341e-09	1.789e+10
322.815	24.000	-19.600	24.000	24.000	-2.400e+01	-2.223e-09	1.080e+10	-2.400e+01	-1.361e-09	1.764e+10
323.567	24.000	-19.700	24.000	24.000	-2.400e+01	-2.195e-09	1.094e+10	-2.400e+01	-1.375e-09	1.746e+10
324.358	24.000	-19.800	24.000	24.000	-2.400e+01	-2.152e-09	1.115e+10	-2.400e+01	-1.409e-09	1.703e+10
325.099	24.000	-19.900	24.000	24.000	-2.400e+01	-2.154e-09	1.114e+10	-2.400e+01	-1.362e-09	1.762e+10
325.846	24.000	-20.000	24.000	24.000	-2.400e+01	-2.091e-09	1.148e+10	-2.400e+01	-1.379e-09	1.740e+10
