time, s	APT pos, mm	APL pos, mm	APR pos, mm	APB pos, mm	TH1992B_1.VOLT1	TH1992B_1.CURR1	TH1992B_1.RES1	TH1992B_1.VOLT2	TH1992B_1.CURR2	TH1992B_1.RES2	TH2690A_1.VOLT	TH2690A_1.CURR
0.153	21.000	-20.000	21.000	21.000	-2.400e+01	-6.343e-09	3.784e+09	-2.400e+01	-2.203e-09	1.090e+10	2.190e+01	-3.788e-08
0.972	21.000	-19.900	21.000	21.000	-2.400e+01	-6.425e-09	3.736e+09	-2.400e+01	-2.225e-09	1.079e+10	2.190e+01	-3.788e-08
1.745	21.000	-19.800	21.000	21.000	-2.400e+01	-6.393e-09	3.754e+09	-2.400e+01	-2.203e-09	1.089e+10	2.190e+01	-3.787e-08
2.456	21.000	-19.700	21.000	21.000	-2.400e+01	-6.395e-09	3.753e+09	-2.400e+01	-2.228e-09	1.077e+10	2.190e+01	-3.772e-08
3.153	21.000	-19.600	21.000	21.000	-2.400e+01	-6.387e-09	3.757e+09	-2.400e+01	-2.245e-09	1.069e+10	2.190e+01	-3.769e-08
3.873	21.000	-19.500	21.000	21.000	-2.400e+01	-6.372e-09	3.767e+09	-2.400e+01	-2.253e-09	1.065e+10	2.190e+01	-3.754e-08
4.594	21.000	-19.400	21.000	21.000	-2.400e+01	-6.353e-09	3.778e+09	-2.400e+01	-2.200e-09	1.091e+10	2.190e+01	-3.751e-08
5.313	21.000	-19.300	21.000	21.000	-2.400e+01	-6.343e-09	3.784e+09	-2.400e+01	-2.217e-09	1.083e+10	2.190e+01	-3.737e-08
6.033	21.000	-19.200	21.000	21.000	-2.400e+01	-6.420e-09	3.739e+09	-2.400e+01	-2.181e-09	1.100e+10	2.190e+01	-3.735e-08
6.752	21.000	-19.100	21.000	21.000	-2.400e+01	-6.401e-09	3.750e+09	-2.400e+01	-2.234e-09	1.074e+10	2.190e+01	-3.723e-08
7.464	21.000	-19.000	21.000	21.000	-2.400e+01	-6.434e-09	3.730e+09	-2.400e+01	-2.200e-09	1.091e+10	2.190e+01	-3.720e-08
8.177	21.000	-18.900	21.000	21.000	-2.400e+01	-6.437e-09	3.728e+09	-2.400e+01	-2.205e-09	1.088e+10	2.190e+01	-3.708e-08
8.913	21.000	-18.800	21.000	21.000	-2.400e+01	-6.410e-09	3.744e+09	-2.400e+01	-2.234e-09	1.074e+10	2.190e+01	-3.705e-08
9.636	21.000	-18.700	21.000	21.000	-2.400e+01	-6.398e-09	3.751e+09	-2.400e+01	-2.237e-09	1.073e+10	2.190e+01	-3.692e-08
10.366	21.000	-18.600	21.000	21.000	-2.400e+01	-6.397e-09	3.752e+09	-2.400e+01	-2.242e-09	1.070e+10	2.190e+01	-3.692e-08
11.103	21.000	-18.500	21.000	21.000	-2.400e+01	-6.427e-09	3.734e+09	-2.400e+01	-2.206e-09	1.088e+10	2.190e+01	-3.688e-08
11.842	21.000	-18.400	21.000	21.000	-2.400e+01	-6.401e-09	3.750e+09	-2.400e+01	-2.163e-09	1.109e+10	2.190e+01	-3.675e-08
12.584	21.000	-18.300	21.000	21.000	-2.400e+01	-6.391e-09	3.755e+09	-2.400e+01	-2.215e-09	1.084e+10	2.190e+01	-3.673e-08
13.322	21.000	-18.200	21.000	21.000	-2.400e+01	-6.426e-09	3.735e+09	-2.400e+01	-2.239e-09	1.072e+10	2.190e+01	-3.658e-08
14.073	21.000	-18.100	21.000	21.000	-2.400e+01	-6.437e-09	3.729e+09	-2.400e+01	-2.226e-09	1.078e+10	2.190e+01	-3.655e-08
14.813	21.000	-18.000	21.000	21.000	-2.400e+01	-6.427e-09	3.734e+09	-2.400e+01	-2.209e-09	1.087e+10	2.190e+01	-3.652e-08
15.543	21.000	-17.900	21.000	21.000	-2.400e+01	-6.444e-09	3.725e+09	-2.400e+01	-2.199e-09	1.092e+10	2.190e+01	-3.637e-08
16.287	21.000	-17.800	21.000	21.000	-2.400e+01	-6.517e-09	3.683e+09	-2.400e+01	-2.213e-09	1.085e+10	2.190e+01	-3.634e-08
17.037	21.000	-17.700	21.000	21.000	-2.400e+01	-6.447e-09	3.722e+09	-2.400e+01	-2.184e-09	1.099e+10	2.190e+01	-3.621e-08
17.783	21.000	-17.600	21.000	21.000	-2.400e+01	-6.499e-09	3.693e+09	-2.400e+01	-2.195e-09	1.094e+10	2.190e+01	-3.618e-08
18.542	21.000	-17.500	21.000	21.000	-2.400e+01	-6.431e-09	3.732e+09	-2.400e+01	-2.174e-09	1.104e+10	2.190e+01	-3.605e-08
19.283	21.000	-17.400	21.000	21.000	-2.400e+01	-6.468e-09	3.711e+09	-2.400e+01	-2.219e-09	1.081e+10	2.190e+01	-3.604e-08
20.023	21.000	-17.300	21.000	21.000	-2.400e+01	-6.499e-09	3.693e+09	-2.400e+01	-2.253e-09	1.065e+10	2.190e+01	-3.592e-08
20.756	21.000	-17.200	21.000	21.000	-2.400e+01	-6.494e-09	3.696e+09	-2.400e+01	-2.218e-09	1.082e+10	2.190e+01	-3.590e-08
21.493	21.000	-17.100	21.000	21.000	-2.400e+01	-6.542e-09	3.668e+09	-2.400e+01	-2.171e-09	1.105e+10	2.190e+01	-3.587e-08
22.233	21.000	-17.000	21.000	21.000	-2.400e+01	-6.566e-09	3.655e+09	-2.400e+01	-2.161e-09	1.110e+10	2.190e+01	-3.573e-08
22.973	21.000	-16.900	21.000	21.000	-2.400e+01	-6.641e-09	3.614e+09	-2.400e+01	-2.202e-09	1.090e+10	2.190e+01	-3.570e-08
23.713	21.000	-16.800	21.000	21.000	-2.400e+01	-6.663e-09	3.602e+09	-2.400e+01	-2.199e-09	1.092e+10	2.190e+01	-3.554e-08
24.463	21.000	-16.700	21.000	21.000	-2.400e+01	-6.677e-09	3.595e+09	-2.400e+01	-2.222e-09	1.080e+10	2.190e+01	-3.553e-08
25.203	21.000	-16.600	21.000	21.000	-2.400e+01	-6.760e-09	3.550e+09	-2.400e+01	-2.206e-09	1.088e+10	2.190e+01	-3.549e-08
25.943	21.000	-16.500	21.000	21.000	-2.400e+01	-6.791e-09	3.534e+09	-2.400e+01	-2.193e-09	1.094e+10	2.190e+01	-3.534e-08
26.677	21.000	-16.400	21.000	21.000	-2.400e+01	-6.860e-09	3.499e+09	-2.400e+01	-2.190e-09	1.096e+10	2.190e+01	-3.532e-08
27.434	21.000	-16.300	21.000	21.000	-2.400e+01	-6.890e-09	3.483e+09	-2.400e+01	-2.245e-09	1.069e+10	2.190e+01	-3.528e-08
28.173	21.000	-16.200	21.000	21.000	-2.400e+01	-6.977e-09	3.440e+09	-2.400e+01	-2.192e-09	1.095e+10	2.190e+01	-3.517e-08
28.913	21.000	-16.100	21.000	21.000	-2.400e+01	-7.068e-09	3.395e+09	-2.400e+01	-2.208e-09	1.087e+10	2.190e+01	-3.512e-08
29.646	21.000	-16.000	21.000	21.000	-2.400e+01	-7.219e-09	3.325e+09	-2.400e+01	-2.203e-09	1.089e+10	2.190e+01	-3.497e-08
30.383	21.000	-15.900	21.000	21.000	-2.400e+01	-7.333e-09	3.273e+09	-2.400e+01	-2.196e-09	1.093e+10	2.190e+01	-3.494e-08
31.169	21.000	-15.800	21.000	21.000	-2.400e+01	-7.564e-09	3.173e+09	-2.400e+01	-2.195e-09	1.093e+10	2.190e+01	-3.479e-08
31.913	21.000	-15.700	21.000	21.000	-2.400e+01	-7.800e-09	3.077e+09	-2.400e+01	-2.239e-09	1.072e+10	2.190e+01	-3.477e-08
32.653	21.000	-15.600	21.000	21.000	-2.400e+01	-8.021e-09	2.992e+09	-2.400e+01	-2.193e-09	1.094e+10	2.190e+01	-3.473e-08
33.393	21.000	-15.500	21.000	21.000	-2.400e+01	-8.386e-09	2.862e+09	-2.400e+01	-2.177e-09	1.103e+10	2.190e+01	-3.461e-08
34.133	21.000	-15.400	21.000	21.000	-2.400e+01	-8.841e-09	2.714e+09	-2.400e+01	-2.226e-09	1.078e+10	2.190e+01	-3.457e-08
34.883	21.000	-15.300	21.000	21.000	-2.400e+01	-9.347e-09	2.568e+09	-2.400e+01	-2.199e-09	1.092e+10	2.190e+01	-3.440e-08
35.625	21.000	-15.200	21.000	21.000	-2.400e+01	-9.990e-09	2.402e+09	-2.400e+01	-2.164e-09	1.109e+10	2.190e+01	-3.425e-08
36.356	21.000	-15.100	21.000	21.000	-2.400e+01	-1.085e-08	2.211e+09	-2.400e+01	-2.166e-09	1.108e+10	2.190e+01	-3.414e-08
37.094	21.000	-15.000	21.000	21.000	-2.400e+01	-1.184e-08	2.027e+09	-2.400e+01	-2.213e-09	1.084e+10	2.190e+01	-3.411e-08
37.833	21.000	-14.900	21.000	21.000	-2.400e+01	-1.315e-08	1.826e+09	-2.400e+01	-2.185e-09	1.098e+10	2.190e+01	-3.393e-08
38.575	21.000	-14.800	21.000	21.000	-2.400e+01	-1.479e-08	1.623e+09	-2.400e+01	-2.229e-09	1.077e+10	2.190e+01	-3.390e-08
39.323	21.000	-14.700	21.000	21.000	-2.400e+01	-1.672e-08	1.435e+09	-2.400e+01	-2.191e-09	1.095e+10	2.190e+01	-3.373e-08
40.063	21.000	-14.600	21.000	21.000	-2.400e+01	-1.902e-08	1.262e+09	-2.400e+01	-2.179e-09	1.101e+10	2.190e+01	-3.368e-08
40.804	21.000	-14.500	21.000	21.000	-2.400e+01	-2.159e-08	1.112e+09	-2.400e+01	-2.245e-09	1.069e+10	2.190e+01	-3.356e-08
41.563	21.000	-14.400	21.000	21.000	-2.400e+01	-2.472e-08	9.709e+08	-2.400e+01	-2.237e-09	1.073e+10	2.190e+01	-3.337e-08
42.297	21.000	-14.300	21.000	21.000	-2.400e+01	-2.832e-08	8.474e+08	-2.400e+01	-2.235e-09	1.074e+10	2.190e+01	-3.321e-08
43.033	21.000	-14.200	21.000	21.000	-2.400e+01	-3.257e-08	7.368e+08	-2.400e+01	-2.255e-09	1.064e+10	2.190e+01	-3.319e-08
43.774	21.000	-14.100	21.000	21.000	-2.400e+01	-3.714e-08	6.462e+08	-2.400e+01	-2.227e-09	1.078e+10	2.190e+01	-3.302e-08
44.533	21.000	-14.000	21.000	21.000	-2.400e+01	-4.261e-08	5.632e+08	-2.400e+01	-2.241e-09	1.071e+10	2.190e+01	-3.298e-08
45.273	21.000	-13.900	21.000	21.000	-2.400e+01	-4.871e-08	4.927e+08	-2.400e+01	-2.254e-09	1.065e+10	2.190e+01	-3.280e-08
46.014	21.000	-13.800	21.000	21.000	-2.400e+01	-5.560e-08	4.317e+08	-2.400e+01	-2.205e-09	1.089e+10	2.190e+01	-3.277e-08
46.753	21.000	-13.700	21.000	21.000	-2.400e+01	-6.317e-08	3.799e+08	-2.400e+01	-2.275e-09	1.055e+10	2.190e+01	-3.265e-08
47.493	21.000	-13.600	21.000	21.000	-2.400e+01	-7.149e-08	3.357e+08	-2.400e+01	-2.308e-09	1.040e+10	2.190e+01	-3.249e-08
48.233	21.000	-13.500	21.000	21.000	-2.400e+01	-8.028e-08	2.990e+08	-2.400e+01	-2.225e-09	1.078e+10	2.190e+01	-3.246e-08
48.974	21.000	-13.400	21.000	21.000	-2.400e+01	-8.996e-08	2.668e+08	-2.400e+01	-2.325e-09	1.032e+10	2.190e+01	-3.242e-08
49.695	21.000	-13.300	21.000	21.000	-2.400e+01	-1.003e-07	2.392e+08	-2.400e+01	-2.338e-09	1.026e+10	2.190e+01	-3.229e-08
50.445	21.000	-13.200	21.000	21.000	-2.400e+01	-1.116e-07	2.151e+08	-2.400e+01	-2.287e-09	1.050e+10	2.190e+01	-3.226e-08
51.184	21.000	-13.100	21.000	21.000	-2.400e+01	-1.233e-07	1.946e+08	-2.400e+01	-2.330e-09	1.030e+10	2.190e+01	-3.224e-08
51.923	21.000	-13.000	21.000	21.000	-2.400e+01	-1.355e-07	1.771e+08	-2.400e+01	-2.329e-09	1.031e+10	2.190e+01	-3.222e-08
52.664	21.000	-12.900	21.000	21.000	-2.400e+01	-1.483e-07	1.618e+08	-2.400e+01	-2.339e-09	1.026e+10	2.190e+01	-3.218e-08
53.403	21.000	-12.800	21.000	21.000	-2.400e+01	-1.623e-07	1.479e+08	-2.400e+01	-2.340e-09	1.026e+10	2.190e+01	-3.216e-08
54.155	21.000	-12.700	21.000	21.000	-2.400e+01	-1.766e-07	1.359e+08	-2.400e+01	-2.421e-09	9.915e+09	2.190e+01	-3.213e-08
54.887	21.000	-12.600	21.000	21.000	-2.400e+01	-1.916e-07	1.253e+08	-2.400e+01	-2.420e-09	9.916e+09	2.190e+01	-3.212e-08
55.636	21.000	-12.500	21.000	21.000	-2.400e+01	-2.070e-07	1.159e+08	-2.400e+01	-2.417e-09	9.931e+09	2.190e+01	-3.212e-08
56.377	21.000	-12.400	21.000	21.000	-2.400e+01	-2.238e-07	1.072e+08	-2.400e+01	-2.416e-09	9.934e+09	2.190e+01	-3.215e-08
57.104	21.000	-12.300	21.000	21.000	-2.400e+01	-2.410e-07	9.960e+07	-2.400e+01	-2.410e-09	9.960e+09	2.190e+01	-3.217e-08
57.848	21.000	-12.200	21.000	21.000	-2.400e+01	-2.588e-07	9.275e+07	-2.400e+01	-2.406e-09	9.976e+09	2.190e+01	-3.233e-08
58.595	21.000	-12.100	21.000	21.000	-2.400e+01	-2.768e-07	8.669e+07	-2.400e+01	-2.421e-09	9.915e+09	2.190e+01	-3.234e-08
59.344	21.000	-12.000	21.000	21.000	-2.400e+01	-2.967e-07	8.090e+07	-2.400e+01	-2.464e-09	9.741e+09	2.190e+01	-3.244e-08
60.075	21.000	-11.900	21.000	21.000	-2.400e+01	-3.167e-07	7.579e+07	-2.400e+01	-2.456e-09	9.770e+09	2.190e+01	-3.249e-08
60.804	21.000	-11.800	21.000	21.000	-2.400e+01	-3.380e-07	7.100e+07	-2.400e+01	-2.445e-09	9.817e+09	2.190e+01	-3.267e-08
61.618	21.000	-11.700	21.000	21.000	-2.400e+01	-3.608e-07	6.652e+07	-2.400e+01	-2.487e-09	9.652e+09	2.190e+01	-3.298e-08
62.354	21.000	-11.600	21.000	21.000	-2.400e+01	-3.843e-07	6.245e+07	-2.400e+01	-2.478e-09	9.687e+09	2.190e+01	-3.315e-08
63.094	21.000	-11.500	21.000	21.000	-2.400e+01	-4.087e-07	5.872e+07	-2.400e+01	-2.520e-09	9.524e+09	2.190e+01	-3.337e-08
63.834	21.000	-11.400	21.000	21.000	-2.400e+01	-4.348e-07	5.520e+07	-2.400e+01	-2.539e-09	9.452e+09	2.190e+01	-3.364e-08
64.575	21.000	-11.300	21.000	21.000	-2.400e+01	-4.615e-07	5.200e+07	-2.400e+01	-2.571e-09	9.337e+09	2.190e+01	-3.392e-08
65.314	21.000	-11.200	21.000	21.000	-2.400e+01	-4.898e-07	4.900e+07	-2.400e+01	-2.615e-09	9.177e+09	2.190e+01	-3.426e-08
66.054	21.000	-11.100	21.000	21.000	-2.400e+01	-5.188e-07	4.626e+07	-2.400e+01	-2.625e-09	9.144e+09	2.190e+01	-3.465e-08
66.794	21.000	-11.000	21.000	21.000	-2.400e+01	-5.485e-07	4.376e+07	-2.400e+01	-2.558e-09	9.382e+09	2.190e+01	-3.549e-08
67.563	21.000	-10.900	21.000	21.000	-2.400e+01	-5.804e-07	4.135e+07	-2.400e+01	-2.647e-09	9.066e+09	2.190e+01	-3.607e-08
68.304	21.000	-10.800	21.000	21.000	-2.400e+01	-6.127e-07	3.917e+07	-2.400e+01	-2.678e-09	8.962e+09	2.190e+01	-3.669e-08
69.044	21.000	-10.700	21.000	21.000	-2.400e+01	-6.453e-07	3.719e+07	-2.400e+01	-2.637e-09	9.102e+09	2.190e+01	-3.739e-08
69.794	21.000	-10.600	21.000	21.000	-2.400e+01	-6.790e-07	3.535e+07	-2.400e+01	-2.654e-09	9.043e+09	2.190e+01	-3.819e-08
70.554	21.000	-10.500	21.000	21.000	-2.400e+01	-7.124e-07	3.369e+07	-2.400e+01	-2.665e-09	9.007e+09	2.190e+01	-3.905e-08
71.294	21.000	-10.400	21.000	21.000	-2.400e+01	-7.470e-07	3.213e+07	-2.400e+01	-2.711e-09	8.853e+09	2.190e+01	-3.992e-08
72.205	21.000	-10.300	21.000	21.000	-2.400e+01	-7.792e-07	3.080e+07	-2.400e+01	-2.735e-09	8.775e+09	2.190e+01	-4.179e-08
72.994	21.000	-10.200	21.000	21.000	-2.400e+01	-8.108e-07	2.960e+07	-2.400e+01	-2.714e-09	8.843e+09	2.190e+01	-4.308e-08
73.744	21.000	-10.100	21.000	21.000	-2.400e+01	-8.446e-07	2.841e+07	-2.400e+01	-2.738e-09	8.765e+09	2.190e+01	-4.444e-08
74.515	21.000	-10.000	21.000	21.000	-2.400e+01	-8.760e-07	2.740e+07	-2.400e+01	-2.792e-09	8.596e+09	2.190e+01	-4.584e-08
75.254	21.000	-9.900	21.000	21.000	-2.400e+01	-9.068e-07	2.647e+07	-2.400e+01	-2.780e-09	8.635e+09	2.190e+01	-4.718e-08
75.995	21.000	-9.800	21.000	21.000	-2.400e+01	-9.365e-07	2.563e+07	-2.400e+01	-2.810e-09	8.541e+09	2.190e+01	-4.873e-08
76.734	21.000	-9.700	21.000	21.000	-2.400e+01	-9.652e-07	2.486e+07	-2.400e+01	-2.786e-09	8.613e+09	2.190e+01	-5.029e-08
77.494	21.000	-9.600	21.000	21.000	-2.400e+01	-9.948e-07	2.413e+07	-2.400e+01	-2.820e-09	8.510e+09	2.190e+01	-5.195e-08
78.234	21.000	-9.500	21.000	21.000	-2.400e+01	-1.022e-06	2.349e+07	-2.400e+01	-2.868e-09	8.367e+09	2.190e+01	-5.360e-08
78.975	21.000	-9.400	21.000	21.000	-2.400e+01	-1.047e-06	2.291e+07	-2.400e+01	-2.896e-09	8.286e+09	2.190e+01	-5.690e-08
79.714	21.000	-9.300	21.000	21.000	-2.400e+01	-1.072e-06	2.238e+07	-2.400e+01	-2.958e-09	8.113e+09	2.190e+01	-5.891e-08
80.454	21.000	-9.200	21.000	21.000	-2.400e+01	-1.096e-06	2.189e+07	-2.400e+01	-2.970e-09	8.082e+09	2.190e+01	-6.091e-08
81.195	21.000	-9.100	21.000	21.000	-2.400e+01	-1.119e-06	2.145e+07	-2.400e+01	-2.958e-09	8.113e+09	2.190e+01	-6.294e-08
81.924	21.000	-9.000	21.000	21.000	-2.400e+01	-1.142e-06	2.102e+07	-2.400e+01	-2.963e-09	8.099e+09	2.190e+01	-6.501e-08
82.659	21.000	-8.900	21.000	21.000	-2.400e+01	-1.163e-06	2.063e+07	-2.400e+01	-2.981e-09	8.050e+09	2.190e+01	-6.719e-08
83.398	21.000	-8.800	21.000	21.000	-2.400e+01	-1.185e-06	2.026e+07	-2.400e+01	-3.039e-09	7.899e+09	2.190e+01	-6.932e-08
84.139	21.000	-8.700	21.000	21.000	-2.400e+01	-1.205e-06	1.992e+07	-2.400e+01	-2.991e-09	8.025e+09	2.190e+01	-7.141e-08
84.874	21.000	-8.600	21.000	21.000	-2.400e+01	-1.224e-06	1.961e+07	-2.400e+01	-3.036e-09	7.904e+09	2.190e+01	-7.351e-08
85.620	21.000	-8.500	21.000	21.000	-2.400e+01	-1.242e-06	1.932e+07	-2.400e+01	-3.099e-09	7.744e+09	2.190e+01	-7.570e-08
86.355	21.000	-8.400	21.000	21.000	-2.400e+01	-1.259e-06	1.906e+07	-2.400e+01	-3.139e-09	7.645e+09	2.190e+01	-7.966e-08
87.094	21.000	-8.300	21.000	21.000	-2.400e+01	-1.275e-06	1.882e+07	-2.400e+01	-3.155e-09	7.607e+09	2.190e+01	-8.201e-08
87.825	21.000	-8.200	21.000	21.000	-2.400e+01	-1.290e-06	1.860e+07	-2.400e+01	-3.170e-09	7.570e+09	2.190e+01	-8.429e-08
88.566	21.000	-8.100	21.000	21.000	-2.400e+01	-1.304e-06	1.841e+07	-2.400e+01	-3.239e-09	7.410e+09	2.190e+01	-8.659e-08
89.305	21.000	-8.000	21.000	21.000	-2.400e+01	-1.317e-06	1.822e+07	-2.400e+01	-3.225e-09	7.442e+09	2.190e+01	-8.886e-08
90.048	21.000	-7.900	21.000	21.000	-2.400e+01	-1.330e-06	1.805e+07	-2.400e+01	-3.246e-09	7.394e+09	2.190e+01	-9.106e-08
90.789	21.000	-7.800	21.000	21.000	-2.400e+01	-1.341e-06	1.789e+07	-2.400e+01	-3.271e-09	7.338e+09	2.190e+01	-9.333e-08
91.607	21.000	-7.700	21.000	21.000	-2.400e+01	-1.352e-06	1.775e+07	-2.400e+01	-3.263e-09	7.354e+09	2.190e+01	-9.554e-08
92.345	21.000	-7.600	21.000	21.000	-2.400e+01	-1.362e-06	1.762e+07	-2.400e+01	-3.330e-09	7.208e+09	2.190e+01	-9.925e-08
93.065	21.000	-7.500	21.000	21.000	-2.400e+01	-1.372e-06	1.750e+07	-2.400e+01	-3.362e-09	7.139e+09	2.190e+01	-1.015e-07
93.804	21.000	-7.400	21.000	21.000	-2.400e+01	-1.380e-06	1.739e+07	-2.400e+01	-3.336e-09	7.194e+09	2.190e+01	-1.039e-07
94.565	21.000	-7.300	21.000	21.000	-2.400e+01	-1.388e-06	1.729e+07	-2.400e+01	-3.399e-09	7.060e+09	2.190e+01	-1.062e-07
95.305	21.000	-7.200	21.000	21.000	-2.400e+01	-1.396e-06	1.719e+07	-2.400e+01	-3.433e-09	6.991e+09	2.190e+01	-1.084e-07
96.045	21.000	-7.100	21.000	21.000	-2.400e+01	-1.403e-06	1.711e+07	-2.400e+01	-3.448e-09	6.960e+09	2.190e+01	-1.107e-07
96.785	21.000	-7.000	21.000	21.000	-2.400e+01	-1.409e-06	1.703e+07	-2.400e+01	-3.476e-09	6.905e+09	2.190e+01	-1.130e-07
97.554	21.000	-6.900	21.000	21.000	-2.400e+01	-1.415e-06	1.696e+07	-2.400e+01	-3.499e-09	6.860e+09	2.190e+01	-1.152e-07
98.295	21.000	-6.800	21.000	21.000	-2.400e+01	-1.420e-06	1.690e+07	-2.400e+01	-3.547e-09	6.766e+09	2.190e+01	-1.194e-07
99.034	21.000	-6.700	21.000	21.000	-2.400e+01	-1.425e-06	1.684e+07	-2.400e+01	-3.554e-09	6.752e+09	2.190e+01	-1.217e-07
99.775	21.000	-6.600	21.000	21.000	-2.400e+01	-1.428e-06	1.680e+07	-2.400e+01	-3.597e-09	6.673e+09	2.190e+01	-1.241e-07
100.538	21.000	-6.500	21.000	21.000	-2.400e+01	-1.432e-06	1.676e+07	-2.400e+01	-3.611e-09	6.646e+09	2.190e+01	-1.264e-07
101.289	21.000	-6.400	21.000	21.000	-2.400e+01	-1.434e-06	1.674e+07	-2.400e+01	-3.633e-09	6.607e+09	2.190e+01	-1.285e-07
102.035	21.000	-6.300	21.000	21.000	-2.400e+01	-1.436e-06	1.672e+07	-2.400e+01	-3.671e-09	6.538e+09	2.190e+01	-1.307e-07
102.775	21.000	-6.200	21.000	21.000	-2.400e+01	-1.437e-06	1.670e+07	-2.400e+01	-3.689e-09	6.505e+09	2.190e+01	-1.331e-07
103.535	21.000	-6.100	21.000	21.000	-2.400e+01	-1.438e-06	1.669e+07	-2.400e+01	-3.742e-09	6.413e+09	2.190e+01	-1.379e-07
104.275	21.000	-6.000	21.000	21.000	-2.400e+01	-1.438e-06	1.668e+07	-2.400e+01	-3.778e-09	6.353e+09	2.190e+01	-1.408e-07
105.015	21.000	-5.900	21.000	21.000	-2.400e+01	-1.439e-06	1.668e+07	-2.400e+01	-3.761e-09	6.381e+09	2.190e+01	-1.442e-07
105.748	21.000	-5.800	21.000	21.000	-2.400e+01	-1.439e-06	1.668e+07	-2.400e+01	-3.872e-09	6.198e+09	2.190e+01	-1.481e-07
106.516	21.000	-5.700	21.000	21.000	-2.400e+01	-1.439e-06	1.668e+07	-2.400e+01	-3.889e-09	6.172e+09	2.190e+01	-1.523e-07
107.256	21.000	-5.600	21.000	21.000	-2.400e+01	-1.438e-06	1.668e+07	-2.400e+01	-3.835e-09	6.258e+09	2.190e+01	-1.559e-07
108.075	21.000	-5.500	21.000	21.000	-2.400e+01	-1.438e-06	1.669e+07	-2.400e+01	-3.890e-09	6.170e+09	2.190e+01	-1.622e-07
108.815	21.000	-5.400	21.000	21.000	-2.400e+01	-1.437e-06	1.670e+07	-2.400e+01	-3.918e-09	6.126e+09	2.190e+01	-1.659e-07
109.566	21.000	-5.300	21.000	21.000	-2.400e+01	-1.437e-06	1.670e+07	-2.400e+01	-3.993e-09	6.011e+09	2.190e+01	-1.697e-07
110.305	21.000	-5.200	21.000	21.000	-2.400e+01	-1.437e-06	1.671e+07	-2.400e+01	-3.970e-09	6.045e+09	2.190e+01	-1.733e-07
111.045	21.000	-5.100	21.000	21.000	-2.400e+01	-1.436e-06	1.671e+07	-2.400e+01	-4.052e-09	5.924e+09	2.190e+01	-1.770e-07
111.785	21.000	-5.000	21.000	21.000	-2.400e+01	-1.436e-06	1.672e+07	-2.400e+01	-4.045e-09	5.933e+09	2.190e+01	-1.806e-07
112.545	21.000	-4.900	21.000	21.000	-2.400e+01	-1.436e-06	1.672e+07	-2.400e+01	-4.052e-09	5.923e+09	2.190e+01	-1.842e-07
113.285	21.000	-4.800	21.000	21.000	-2.400e+01	-1.435e-06	1.672e+07	-2.400e+01	-4.101e-09	5.852e+09	2.190e+01	-1.904e-07
114.006	21.000	-4.700	21.000	21.000	-2.400e+01	-1.435e-06	1.672e+07	-2.400e+01	-4.117e-09	5.829e+09	2.190e+01	-1.943e-07
114.745	21.000	-4.600	21.000	21.000	-2.400e+01	-1.435e-06	1.672e+07	-2.400e+01	-4.158e-09	5.772e+09	2.190e+01	-1.982e-07
115.466	21.000	-4.500	21.000	21.000	-2.400e+01	-1.435e-06	1.673e+07	-2.400e+01	-4.145e-09	5.790e+09	2.190e+01	-2.020e-07
116.205	21.000	-4.400	21.000	21.000	-2.400e+01	-1.435e-06	1.673e+07	-2.400e+01	-4.196e-09	5.719e+09	2.190e+01	-2.058e-07
116.945	21.000	-4.300	21.000	21.000	-2.400e+01	-1.435e-06	1.673e+07	-2.400e+01	-4.205e-09	5.707e+09	2.190e+01	-2.091e-07
117.686	21.000	-4.200	21.000	21.000	-2.400e+01	-1.434e-06	1.673e+07	-2.400e+01	-4.233e-09	5.669e+09	2.190e+01	-2.099e-07
118.436	21.000	-4.100	21.000	21.000	-2.400e+01	-1.434e-06	1.673e+07	-2.400e+01	-4.244e-09	5.655e+09	2.190e+01	-2.116e-07
119.169	21.000	-4.000	21.000	21.000	-2.400e+01	-1.434e-06	1.673e+07	-2.400e+01	-4.242e-09	5.657e+09	2.190e+01	-2.130e-07
119.896	21.000	-3.900	21.000	21.000	-2.400e+01	-1.434e-06	1.674e+07	-2.400e+01	-4.268e-09	5.623e+09	2.190e+01	-2.136e-07
120.617	21.000	-3.800	21.000	21.000	-2.400e+01	-1.434e-06	1.674e+07	-2.400e+01	-4.312e-09	5.566e+09	2.190e+01	-2.150e-07
121.409	21.000	-3.700	21.000	21.000	-2.400e+01	-1.434e-06	1.674e+07	-2.400e+01	-4.327e-09	5.547e+09	2.190e+01	-2.162e-07
122.156	21.000	-3.600	21.000	21.000	-2.400e+01	-1.434e-06	1.674e+07	-2.400e+01	-4.402e-09	5.452e+09	2.190e+01	-2.183e-07
122.906	21.000	-3.500	21.000	21.000	-2.400e+01	-1.434e-06	1.674e+07	-2.400e+01	-4.385e-09	5.473e+09	2.190e+01	-2.186e-07
123.639	21.000	-3.400	21.000	21.000	-2.400e+01	-1.434e-06	1.674e+07	-2.400e+01	-4.387e-09	5.471e+09	2.190e+01	-2.203e-07
124.369	21.000	-3.300	21.000	21.000	-2.400e+01	-1.434e-06	1.674e+07	-2.400e+01	-4.389e-09	5.468e+09	2.190e+01	-2.208e-07
125.105	21.000	-3.200	21.000	21.000	-2.400e+01	-1.433e-06	1.674e+07	-2.400e+01	-4.378e-09	5.482e+09	2.190e+01	-2.222e-07
125.846	21.000	-3.100	21.000	21.000	-2.400e+01	-1.433e-06	1.675e+07	-2.400e+01	-4.403e-09	5.450e+09	2.190e+01	-2.236e-07
126.587	21.000	-3.000	21.000	21.000	-2.400e+01	-1.433e-06	1.675e+07	-2.400e+01	-4.427e-09	5.421e+09	2.190e+01	-2.242e-07
127.326	21.000	-2.900	21.000	21.000	-2.400e+01	-1.433e-06	1.675e+07	-2.400e+01	-4.491e-09	5.344e+09	2.190e+01	-2.255e-07
128.060	21.000	-2.800	21.000	21.000	-2.400e+01	-1.433e-06	1.675e+07	-2.400e+01	-4.492e-09	5.343e+09	2.190e+01	-2.278e-07
128.805	21.000	-2.700	21.000	21.000	-2.400e+01	-1.433e-06	1.675e+07	-2.400e+01	-4.460e-09	5.381e+09	2.190e+01	-2.290e-07
129.567	21.000	-2.600	21.000	21.000	-2.400e+01	-1.433e-06	1.675e+07	-2.400e+01	-4.556e-09	5.267e+09	2.190e+01	-2.292e-07
130.305	21.000	-2.500	21.000	21.000	-2.400e+01	-1.433e-06	1.675e+07	-2.400e+01	-4.544e-09	5.282e+09	2.190e+01	-2.309e-07
131.046	21.000	-2.400	21.000	21.000	-2.400e+01	-1.433e-06	1.675e+07	-2.400e+01	-4.539e-09	5.287e+09	2.190e+01	-2.313e-07
131.779	21.000	-2.300	21.000	21.000	-2.400e+01	-1.432e-06	1.676e+07	-2.400e+01	-4.534e-09	5.293e+09	2.190e+01	-2.326e-07
132.535	21.000	-2.200	21.000	21.000	-2.400e+01	-1.432e-06	1.676e+07	-2.400e+01	-4.573e-09	5.248e+09	2.190e+01	-2.331e-07
133.286	21.000	-2.100	21.000	21.000	-2.400e+01	-1.432e-06	1.676e+07	-2.400e+01	-4.604e-09	5.213e+09	2.190e+01	-2.346e-07
134.016	21.000	-2.000	21.000	21.000	-2.400e+01	-1.432e-06	1.676e+07	-2.400e+01	-4.599e-09	5.219e+09	2.190e+01	-2.367e-07
134.730	21.000	-1.900	21.000	21.000	-2.400e+01	-1.432e-06	1.676e+07	-2.400e+01	-4.635e-09	5.178e+09	2.190e+01	-2.378e-07
135.495	21.000	-1.800	21.000	21.000	-2.400e+01	-1.432e-06	1.676e+07	-2.400e+01	-4.609e-09	5.207e+09	2.190e+01	-2.389e-07
136.236	21.000	-1.700	21.000	21.000	-2.400e+01	-1.432e-06	1.676e+07	-2.400e+01	-4.713e-09	5.092e+09	2.190e+01	-2.391e-07
136.986	21.000	-1.600	21.000	21.000	-2.400e+01	-1.432e-06	1.676e+07	-2.400e+01	-4.664e-09	5.146e+09	2.190e+01	-2.407e-07
137.726	21.000	-1.500	21.000	21.000	-2.400e+01	-1.431e-06	1.677e+07	-2.400e+01	-4.679e-09	5.129e+09	2.190e+01	-2.412e-07
138.466	21.000	-1.400	21.000	21.000	-2.400e+01	-1.431e-06	1.677e+07	-2.400e+01	-4.719e-09	5.086e+09	2.190e+01	-2.424e-07
139.206	21.000	-1.300	21.000	21.000	-2.400e+01	-1.431e-06	1.677e+07	-2.400e+01	-4.773e-09	5.028e+09	2.190e+01	-2.429e-07
139.946	21.000	-1.200	21.000	21.000	-2.400e+01	-1.431e-06	1.678e+07	-2.400e+01	-4.752e-09	5.051e+09	2.190e+01	-2.445e-07
140.686	21.000	-1.100	21.000	21.000	-2.400e+01	-1.430e-06	1.678e+07	-2.400e+01	-4.742e-09	5.062e+09	2.190e+01	-2.449e-07
141.437	21.000	-1.000	21.000	21.000	-2.400e+01	-1.430e-06	1.679e+07	-2.400e+01	-4.837e-09	4.962e+09	2.190e+01	-2.474e-07
142.169	21.000	-0.900	21.000	21.000	-2.400e+01	-1.429e-06	1.679e+07	-2.400e+01	-4.838e-09	4.961e+09	2.190e+01	-2.477e-07
142.906	21.000	-0.800	21.000	21.000	-2.400e+01	-1.429e-06	1.680e+07	-2.400e+01	-4.774e-09	5.027e+09	2.190e+01	-2.494e-07
143.647	21.000	-0.700	21.000	21.000	-2.400e+01	-1.428e-06	1.680e+07	-2.400e+01	-4.854e-09	4.944e+09	2.190e+01	-2.498e-07
144.386	21.000	-0.600	21.000	21.000	-2.400e+01	-1.428e-06	1.681e+07	-2.400e+01	-4.823e-09	4.976e+09	2.190e+01	-2.510e-07
145.127	21.000	-0.500	21.000	21.000	-2.400e+01	-1.428e-06	1.681e+07	-2.400e+01	-4.859e-09	4.939e+09	2.190e+01	-2.524e-07
145.867	21.000	-0.400	21.000	21.000	-2.400e+01	-1.427e-06	1.682e+07	-2.400e+01	-4.868e-09	4.930e+09	2.190e+01	-2.530e-07
146.617	21.000	-0.300	21.000	21.000	-2.400e+01	-1.427e-06	1.682e+07	-2.400e+01	-4.903e-09	4.895e+09	2.190e+01	-2.543e-07
147.356	21.000	-0.200	21.000	21.000	-2.400e+01	-1.426e-06	1.683e+07	-2.400e+01	-4.952e-09	4.847e+09	2.190e+01	-2.554e-07
148.106	21.000	-0.100	21.000	21.000	-2.400e+01	-1.426e-06	1.684e+07	-2.400e+01	-4.901e-09	4.897e+09	2.190e+01	-2.559e-07
148.846	21.000	-0.000	21.000	21.000	-2.400e+01	-1.425e-06	1.684e+07	-2.400e+01	-4.946e-09	4.853e+09	2.190e+01	-2.560e-07
149.587	21.000	0.100	21.000	21.000	-2.400e+01	-1.424e-06	1.685e+07	-2.400e+01	-4.897e-09	4.901e+09	2.190e+01	-2.563e-07
150.326	21.000	0.200	21.000	21.000	-2.400e+01	-1.424e-06	1.686e+07	-2.400e+01	-4.933e-09	4.866e+09	2.190e+01	-2.564e-07
151.067	21.000	0.300	21.000	21.000	-2.400e+01	-1.423e-06	1.686e+07	-2.400e+01	-4.887e-09	4.911e+09	2.190e+01	-2.565e-07
151.859	21.000	0.400	21.000	21.000	-2.400e+01	-1.423e-06	1.686e+07	-2.400e+01	-4.902e-09	4.896e+09	2.190e+01	-2.566e-07
152.598	21.000	0.500	21.000	21.000	-2.400e+01	-1.423e-06	1.687e+07	-2.400e+01	-4.899e-09	4.899e+09	2.190e+01	-2.567e-07
153.336	21.000	0.600	21.000	21.000	-2.400e+01	-1.422e-06	1.688e+07	-2.400e+01	-4.904e-09	4.894e+09	2.190e+01	-2.569e-07
154.086	21.000	0.700	21.000	21.000	-2.400e+01	-1.421e-06	1.688e+07	-2.400e+01	-4.911e-09	4.887e+09	2.190e+01	-2.570e-07
154.836	21.000	0.800	21.000	21.000	-2.400e+01	-1.421e-06	1.689e+07	-2.400e+01	-4.882e-09	4.916e+09	2.190e+01	-2.572e-07
155.578	21.000	0.900	21.000	21.000	-2.400e+01	-1.420e-06	1.690e+07	-2.400e+01	-4.909e-09	4.889e+09	2.190e+01	-2.573e-07
156.317	21.000	1.000	21.000	21.000	-2.400e+01	-1.419e-06	1.691e+07	-2.400e+01	-4.926e-09	4.872e+09	2.190e+01	-2.574e-07
157.056	21.000	1.100	21.000	21.000	-2.400e+01	-1.419e-06	1.691e+07	-2.400e+01	-4.894e-09	4.904e+09	2.190e+01	-2.575e-07
157.797	21.000	1.200	21.000	21.000	-2.400e+01	-1.418e-06	1.692e+07	-2.400e+01	-4.905e-09	4.893e+09	2.190e+01	-2.577e-07
158.556	21.000	1.300	21.000	21.000	-2.400e+01	-1.418e-06	1.693e+07	-2.400e+01	-4.882e-09	4.916e+09	2.190e+01	-2.578e-07
159.297	21.000	1.400	21.000	21.000	-2.400e+01	-1.417e-06	1.694e+07	-2.400e+01	-4.922e-09	4.876e+09	2.190e+01	-2.580e-07
160.036	21.000	1.500	21.000	21.000	-2.400e+01	-1.417e-06	1.694e+07	-2.400e+01	-4.901e-09	4.897e+09	2.190e+01	-2.581e-07
160.770	21.000	1.600	21.000	21.000	-2.400e+01	-1.416e-06	1.695e+07	-2.400e+01	-4.905e-09	4.893e+09	2.190e+01	-2.582e-07
161.537	21.000	1.700	21.000	21.000	-2.400e+01	-1.415e-06	1.696e+07	-2.400e+01	-4.865e-09	4.934e+09	2.190e+01	-2.583e-07
162.276	21.000	1.800	21.000	21.000	-2.400e+01	-1.414e-06	1.697e+07	-2.400e+01	-4.897e-09	4.901e+09	2.190e+01	-2.584e-07
163.017	21.000	1.900	21.000	21.000	-2.400e+01	-1.414e-06	1.698e+07	-2.400e+01	-4.886e-09	4.912e+09	2.190e+01	-2.585e-07
163.737	21.000	2.000	21.000	21.000	-2.400e+01	-1.413e-06	1.699e+07	-2.400e+01	-4.890e-09	4.908e+09	2.190e+01	-2.586e-07
164.496	21.000	2.100	21.000	21.000	-2.400e+01	-1.412e-06	1.700e+07	-2.400e+01	-4.853e-09	4.945e+09	2.190e+01	-2.587e-07
165.236	21.000	2.200	21.000	21.000	-2.400e+01	-1.411e-06	1.701e+07	-2.400e+01	-4.865e-09	4.934e+09	2.190e+01	-2.589e-07
165.987	21.000	2.300	21.000	21.000	-2.400e+01	-1.411e-06	1.702e+07	-2.400e+01	-4.815e-09	4.984e+09	2.190e+01	-2.591e-07
166.737	21.000	2.400	21.000	21.000	-2.400e+01	-1.410e-06	1.702e+07	-2.400e+01	-4.909e-09	4.889e+09	2.190e+01	-2.592e-07
167.496	21.000	2.500	21.000	21.000	-2.400e+01	-1.409e-06	1.703e+07	-2.400e+01	-4.911e-09	4.887e+09	2.190e+01	-2.593e-07
168.237	21.000	2.600	21.000	21.000	-2.400e+01	-1.408e-06	1.704e+07	-2.400e+01	-4.864e-09	4.935e+09	2.190e+01	-2.594e-07
168.976	21.000	2.700	21.000	21.000	-2.400e+01	-1.407e-06	1.705e+07	-2.400e+01	-4.850e-09	4.949e+09	2.190e+01	-2.595e-07
169.717	21.000	2.800	21.000	21.000	-2.400e+01	-1.407e-06	1.706e+07	-2.400e+01	-4.860e-09	4.938e+09	2.190e+01	-2.596e-07
170.456	21.000	2.900	21.000	21.000	-2.400e+01	-1.406e-06	1.707e+07	-2.400e+01	-4.824e-09	4.975e+09	2.190e+01	-2.597e-07
171.197	21.000	3.000	21.000	21.000	-2.400e+01	-1.405e-06	1.708e+07	-2.400e+01	-4.867e-09	4.931e+09	2.190e+01	-2.598e-07
171.937	21.000	3.100	21.000	21.000	-2.400e+01	-1.404e-06	1.709e+07	-2.400e+01	-4.894e-09	4.904e+09	2.190e+01	-2.600e-07
172.687	21.000	3.200	21.000	21.000	-2.400e+01	-1.403e-06	1.711e+07	-2.400e+01	-4.835e-09	4.964e+09	2.190e+01	-2.601e-07
173.438	21.000	3.300	21.000	21.000	-2.400e+01	-1.402e-06	1.712e+07	-2.400e+01	-4.889e-09	4.909e+09	2.190e+01	-2.602e-07
174.176	21.000	3.400	21.000	21.000	-2.400e+01	-1.401e-06	1.713e+07	-2.400e+01	-4.928e-09	4.870e+09	2.190e+01	-2.603e-07
174.917	21.000	3.500	21.000	21.000	-2.400e+01	-1.400e-06	1.714e+07	-2.400e+01	-4.870e-09	4.928e+09	2.190e+01	-2.604e-07
175.656	21.000	3.600	21.000	21.000	-2.400e+01	-1.399e-06	1.716e+07	-2.400e+01	-4.891e-09	4.907e+09	2.190e+01	-2.605e-07
176.397	21.000	3.700	21.000	21.000	-2.400e+01	-1.398e-06	1.717e+07	-2.400e+01	-4.877e-09	4.921e+09	2.190e+01	-2.606e-07
177.111	21.000	3.800	21.000	21.000	-2.400e+01	-1.396e-06	1.719e+07	-2.400e+01	-4.878e-09	4.920e+09	2.190e+01	-2.607e-07
177.840	21.000	3.900	21.000	21.000	-2.400e+01	-1.395e-06	1.721e+07	-2.400e+01	-4.876e-09	4.922e+09	2.190e+01	-2.608e-07
178.650	21.000	4.000	21.000	21.000	-2.400e+01	-1.393e-06	1.723e+07	-2.400e+01	-4.876e-09	4.922e+09	2.190e+01	-2.610e-07
179.397	21.000	4.100	21.000	21.000	-2.400e+01	-1.391e-06	1.725e+07	-2.400e+01	-4.838e-09	4.961e+09	2.190e+01	-2.610e-07
180.130	21.000	4.200	21.000	21.000	-2.400e+01	-1.390e-06	1.726e+07	-2.400e+01	-4.835e-09	4.964e+09	2.190e+01	-2.611e-07
180.867	21.000	4.300	21.000	21.000	-2.400e+01	-1.389e-06	1.728e+07	-2.400e+01	-4.854e-09	4.944e+09	2.190e+01	-2.612e-07
181.662	21.000	4.400	21.000	21.000	-2.400e+01	-1.387e-06	1.730e+07	-2.400e+01	-4.827e-09	4.972e+09	2.190e+01	-2.613e-07
182.407	21.000	4.500	21.000	21.000	-2.400e+01	-1.386e-06	1.732e+07	-2.400e+01	-4.840e-09	4.958e+09	2.190e+01	-2.613e-07
183.147	21.000	4.600	21.000	21.000	-2.400e+01	-1.385e-06	1.733e+07	-2.400e+01	-4.838e-09	4.960e+09	2.190e+01	-2.615e-07
183.887	21.000	4.700	21.000	21.000	-2.400e+01	-1.383e-06	1.736e+07	-2.400e+01	-4.814e-09	4.985e+09	2.190e+01	-2.616e-07
184.628	21.000	4.800	21.000	21.000	-2.400e+01	-1.381e-06	1.738e+07	-2.400e+01	-4.862e-09	4.937e+09	2.190e+01	-2.616e-07
185.367	21.000	4.900	21.000	21.000	-2.400e+01	-1.379e-06	1.740e+07	-2.400e+01	-4.870e-09	4.928e+09	2.190e+01	-2.617e-07
186.107	21.000	5.000	21.000	21.000	-2.400e+01	-1.377e-06	1.743e+07	-2.400e+01	-4.866e-09	4.933e+09	2.190e+01	-2.601e-07
186.847	21.000	5.100	21.000	21.000	-2.400e+01	-1.375e-06	1.745e+07	-2.400e+01	-4.855e-09	4.944e+09	2.190e+01	-2.587e-07
187.589	21.000	5.200	21.000	21.000	-2.400e+01	-1.374e-06	1.747e+07	-2.400e+01	-4.839e-09	4.960e+09	2.190e+01	-2.574e-07
188.327	21.000	5.300	21.000	21.000	-2.400e+01	-1.372e-06	1.750e+07	-2.400e+01	-4.823e-09	4.977e+09	2.190e+01	-2.571e-07
189.067	21.000	5.400	21.000	21.000	-2.400e+01	-1.370e-06	1.752e+07	-2.400e+01	-4.862e-09	4.936e+09	2.190e+01	-2.567e-07
189.807	21.000	5.500	21.000	21.000	-2.400e+01	-1.368e-06	1.755e+07	-2.400e+01	-4.818e-09	4.982e+09	2.190e+01	-2.555e-07
190.562	21.000	5.600	21.000	21.000	-2.400e+01	-1.365e-06	1.758e+07	-2.400e+01	-4.815e-09	4.984e+09	2.190e+01	-2.554e-07
191.307	21.000	5.700	21.000	21.000	-2.400e+01	-1.363e-06	1.760e+07	-2.400e+01	-4.832e-09	4.967e+09	2.190e+01	-2.554e-07
192.047	21.000	5.800	21.000	21.000	-2.400e+01	-1.361e-06	1.764e+07	-2.400e+01	-4.866e-09	4.932e+09	2.190e+01	-2.553e-07
192.788	21.000	5.900	21.000	21.000	-2.400e+01	-1.358e-06	1.767e+07	-2.400e+01	-4.847e-09	4.952e+09	2.190e+01	-2.553e-07
193.547	21.000	6.000	21.000	21.000	-2.400e+01	-1.356e-06	1.770e+07	-2.400e+01	-4.894e-09	4.904e+09	2.190e+01	-2.572e-07
194.287	21.000	6.100	21.000	21.000	-2.400e+01	-1.353e-06	1.773e+07	-2.400e+01	-4.861e-09	4.937e+09	2.190e+01	-2.633e-07
195.027	21.000	6.200	21.000	21.000	-2.400e+01	-1.351e-06	1.777e+07	-2.400e+01	-4.903e-09	4.895e+09	2.190e+01	-2.789e-07
195.777	21.000	6.300	21.000	21.000	-2.400e+01	-1.348e-06	1.780e+07	-2.400e+01	-5.013e-09	4.787e+09	2.190e+01	-3.154e-07
196.537	21.000	6.400	21.000	21.000	-2.400e+01	-1.345e-06	1.784e+07	-2.400e+01	-5.070e-09	4.734e+09	2.190e+01	-3.366e-07
197.277	21.000	6.500	21.000	21.000	-2.400e+01	-1.343e-06	1.788e+07	-2.400e+01	-5.132e-09	4.677e+09	2.190e+01	-3.555e-07
198.018	21.000	6.600	21.000	21.000	-2.400e+01	-1.340e-06	1.791e+07	-2.400e+01	-5.152e-09	4.658e+09	2.190e+01	-3.736e-07
198.757	21.000	6.700	21.000	21.000	-2.400e+01	-1.337e-06	1.796e+07	-2.400e+01	-5.218e-09	4.600e+09	2.190e+01	-3.905e-07
199.497	21.000	6.800	21.000	21.000	-2.400e+01	-1.333e-06	1.800e+07	-2.400e+01	-5.311e-09	4.519e+09	2.190e+01	-4.059e-07
200.237	21.000	6.900	21.000	21.000	-2.400e+01	-1.330e-06	1.805e+07	-2.400e+01	-5.351e-09	4.485e+09	2.190e+01	-4.200e-07
200.977	21.000	7.000	21.000	21.000	-2.400e+01	-1.326e-06	1.809e+07	-2.400e+01	-5.386e-09	4.456e+09	2.190e+01	-4.323e-07
201.718	21.000	7.100	21.000	21.000	-2.400e+01	-1.323e-06	1.814e+07	-2.400e+01	-5.414e-09	4.433e+09	2.190e+01	-4.431e-07
202.457	21.000	7.200	21.000	21.000	-2.400e+01	-1.319e-06	1.819e+07	-2.400e+01	-5.446e-09	4.407e+09	2.190e+01	-4.573e-07
203.198	21.000	7.300	21.000	21.000	-2.400e+01	-1.316e-06	1.824e+07	-2.400e+01	-5.467e-09	4.390e+09	2.190e+01	-4.636e-07
203.937	21.000	7.400	21.000	21.000	-2.400e+01	-1.312e-06	1.830e+07	-2.400e+01	-5.502e-09	4.362e+09	2.190e+01	-4.676e-07
204.678	21.000	7.500	21.000	21.000	-2.400e+01	-1.308e-06	1.835e+07	-2.400e+01	-5.511e-09	4.355e+09	2.190e+01	-4.691e-07
205.417	21.000	7.600	21.000	21.000	-2.400e+01	-1.304e-06	1.841e+07	-2.400e+01	-5.497e-09	4.366e+09	2.190e+01	-4.692e-07
206.158	21.000	7.700	21.000	21.000	-2.400e+01	-1.300e-06	1.846e+07	-2.400e+01	-5.509e-09	4.357e+09	2.190e+01	-4.694e-07
206.898	21.000	7.800	21.000	21.000	-2.400e+01	-1.295e-06	1.853e+07	-2.400e+01	-5.472e-09	4.386e+09	2.190e+01	-4.695e-07
207.639	21.000	7.900	21.000	21.000	-2.400e+01	-1.290e-06	1.860e+07	-2.400e+01	-5.506e-09	4.359e+09	2.190e+01	-4.697e-07
208.381	21.000	8.000	21.000	21.000	-2.400e+01	-1.285e-06	1.867e+07	-2.400e+01	-5.504e-09	4.361e+09	2.190e+01	-4.699e-07
209.128	21.000	8.100	21.000	21.000	-2.400e+01	-1.280e-06	1.874e+07	-2.400e+01	-5.489e-09	4.372e+09	2.190e+01	-4.702e-07
209.868	21.000	8.200	21.000	21.000	-2.400e+01	-1.275e-06	1.882e+07	-2.400e+01	-5.445e-09	4.408e+09	2.190e+01	-4.703e-07
210.602	21.000	8.300	21.000	21.000	-2.400e+01	-1.270e-06	1.890e+07	-2.400e+01	-5.442e-09	4.410e+09	2.190e+01	-4.705e-07
211.390	21.000	8.400	21.000	21.000	-2.400e+01	-1.264e-06	1.898e+07	-2.400e+01	-5.461e-09	4.395e+09	2.190e+01	-4.706e-07
212.121	21.000	8.500	21.000	21.000	-2.400e+01	-1.258e-06	1.907e+07	-2.400e+01	-5.468e-09	4.389e+09	2.190e+01	-4.708e-07
212.858	21.000	8.600	21.000	21.000	-2.400e+01	-1.252e-06	1.917e+07	-2.400e+01	-5.449e-09	4.405e+09	2.190e+01	-4.709e-07
213.748	21.000	8.700	21.000	21.000	-2.400e+01	-1.246e-06	1.926e+07	-2.400e+01	-5.451e-09	4.403e+09	2.190e+01	-4.710e-07
214.557	21.000	8.800	21.000	21.000	-2.400e+01	-1.239e-06	1.938e+07	-2.400e+01	-5.412e-09	4.434e+09	2.190e+01	-4.711e-07
215.298	21.000	8.900	21.000	21.000	-2.400e+01	-1.232e-06	1.948e+07	-2.400e+01	-5.421e-09	4.427e+09	2.190e+01	-4.712e-07
216.038	21.000	9.000	21.000	21.000	-2.400e+01	-1.225e-06	1.960e+07	-2.400e+01	-5.442e-09	4.410e+09	2.190e+01	-4.713e-07
216.778	21.000	9.100	21.000	21.000	-2.400e+01	-1.217e-06	1.972e+07	-2.400e+01	-5.424e-09	4.425e+09	2.190e+01	-4.714e-07
217.537	21.000	9.200	21.000	21.000	-2.400e+01	-1.210e-06	1.984e+07	-2.400e+01	-5.396e-09	4.448e+09	2.190e+01	-4.715e-07
218.278	21.000	9.300	21.000	21.000	-2.400e+01	-1.202e-06	1.997e+07	-2.400e+01	-5.363e-09	4.475e+09	2.190e+01	-4.716e-07
219.012	21.000	9.400	21.000	21.000	-2.400e+01	-1.194e-06	2.010e+07	-2.400e+01	-5.369e-09	4.470e+09	2.190e+01	-4.716e-07
219.758	21.000	9.500	21.000	21.000	-2.400e+01	-1.185e-06	2.026e+07	-2.400e+01	-5.421e-09	4.428e+09	2.190e+01	-4.717e-07
220.519	21.000	9.600	21.000	21.000	-2.400e+01	-1.175e-06	2.042e+07	-2.400e+01	-5.351e-09	4.485e+09	2.190e+01	-4.718e-07
221.251	21.000	9.700	21.000	21.000	-2.400e+01	-1.167e-06	2.057e+07	-2.400e+01	-5.350e-09	4.486e+09	2.190e+01	-4.719e-07
221.988	21.000	9.800	21.000	21.000	-2.400e+01	-1.156e-06	2.076e+07	-2.400e+01	-5.336e-09	4.498e+09	2.190e+01	-4.719e-07
222.728	21.000	9.900	21.000	21.000	-2.400e+01	-1.146e-06	2.094e+07	-2.400e+01	-5.325e-09	4.507e+09	2.190e+01	-4.720e-07
223.468	21.000	10.000	21.000	21.000	-2.400e+01	-1.135e-06	2.114e+07	-2.400e+01	-5.284e-09	4.542e+09	2.190e+01	-4.720e-07
224.208	21.000	10.100	21.000	21.000	-2.400e+01	-1.124e-06	2.135e+07	-2.400e+01	-5.278e-09	4.547e+09	2.190e+01	-4.720e-07
224.948	21.000	10.200	21.000	21.000	-2.400e+01	-1.112e-06	2.157e+07	-2.400e+01	-5.306e-09	4.523e+09	2.190e+01	-4.720e-07
225.689	21.000	10.300	21.000	21.000	-2.400e+01	-1.100e-06	2.181e+07	-2.400e+01	-5.285e-09	4.541e+09	2.190e+01	-4.720e-07
226.449	21.000	10.400	21.000	21.000	-2.400e+01	-1.089e-06	2.205e+07	-2.400e+01	-5.220e-09	4.598e+09	2.190e+01	-4.720e-07
227.188	21.000	10.500	21.000	21.000	-2.400e+01	-1.076e-06	2.231e+07	-2.400e+01	-5.252e-09	4.570e+09	2.190e+01	-4.720e-07
227.929	21.000	10.600	21.000	21.000	-2.400e+01	-1.063e-06	2.258e+07	-2.400e+01	-5.208e-09	4.608e+09	2.190e+01	-4.720e-07
228.668	21.000	10.700	21.000	21.000	-2.400e+01	-1.048e-06	2.290e+07	-2.400e+01	-5.198e-09	4.617e+09	2.190e+01	-4.719e-07
229.408	21.000	10.800	21.000	21.000	-2.400e+01	-1.034e-06	2.321e+07	-2.400e+01	-5.185e-09	4.628e+09	2.190e+01	-4.719e-07
230.149	21.000	10.900	21.000	21.000	-2.400e+01	-1.019e-06	2.354e+07	-2.400e+01	-5.162e-09	4.649e+09	2.190e+01	-4.718e-07
230.888	21.000	11.000	21.000	21.000	-2.400e+01	-1.004e-06	2.391e+07	-2.400e+01	-5.175e-09	4.637e+09	2.190e+01	-4.716e-07
231.622	21.000	11.100	21.000	21.000	-2.400e+01	-9.892e-07	2.426e+07	-2.400e+01	-5.177e-09	4.636e+09	2.190e+01	-4.715e-07
232.368	21.000	11.200	21.000	21.000	-2.400e+01	-9.732e-07	2.466e+07	-2.400e+01	-5.136e-09	4.673e+09	2.190e+01	-4.713e-07
233.109	21.000	11.300	21.000	21.000	-2.400e+01	-9.561e-07	2.510e+07	-2.400e+01	-5.149e-09	4.661e+09	2.190e+01	-4.712e-07
233.848	21.000	11.400	21.000	21.000	-2.400e+01	-9.394e-07	2.555e+07	-2.400e+01	-5.177e-09	4.636e+09	2.190e+01	-4.710e-07
234.590	21.000	11.500	21.000	21.000	-2.400e+01	-9.212e-07	2.605e+07	-2.400e+01	-5.130e-09	4.679e+09	2.190e+01	-4.709e-07
235.328	21.000	11.600	21.000	21.000	-2.400e+01	-9.021e-07	2.660e+07	-2.400e+01	-5.077e-09	4.727e+09	2.190e+01	-4.707e-07
236.049	21.000	11.700	21.000	21.000	-2.400e+01	-8.837e-07	2.716e+07	-2.400e+01	-5.148e-09	4.662e+09	2.190e+01	-4.704e-07
236.788	21.000	11.800	21.000	21.000	-2.400e+01	-8.628e-07	2.782e+07	-2.400e+01	-5.085e-09	4.719e+09	2.190e+01	-4.701e-07
237.541	21.000	11.900	21.000	21.000	-2.400e+01	-8.418e-07	2.851e+07	-2.400e+01	-5.086e-09	4.719e+09	2.190e+01	-4.699e-07
238.279	21.000	12.000	21.000	21.000	-2.400e+01	-8.196e-07	2.928e+07	-2.400e+01	-5.065e-09	4.739e+09	2.190e+01	-4.696e-07
239.018	21.000	12.100	21.000	21.000	-2.400e+01	-7.949e-07	3.019e+07	-2.400e+01	-5.056e-09	4.746e+09	2.190e+01	-4.694e-07
239.763	21.000	12.200	21.000	21.000	-2.400e+01	-7.681e-07	3.125e+07	-2.400e+01	-5.009e-09	4.791e+09	2.190e+01	-4.691e-07
240.538	21.000	12.300	21.000	21.000	-2.400e+01	-7.387e-07	3.249e+07	-2.400e+01	-5.003e-09	4.797e+09	2.190e+01	-4.688e-07
241.352	21.000	12.400	21.000	21.000	-2.400e+01	-7.079e-07	3.390e+07	-2.400e+01	-5.036e-09	4.765e+09	2.190e+01	-4.673e-07
242.091	21.000	12.500	21.000	21.000	-2.400e+01	-6.717e-07	3.573e+07	-2.400e+01	-5.033e-09	4.769e+09	2.190e+01	-4.670e-07
242.829	21.000	12.600	21.000	21.000	-2.400e+01	-6.324e-07	3.795e+07	-2.400e+01	-5.026e-09	4.775e+09	2.190e+01	-4.655e-07
243.570	21.000	12.700	21.000	21.000	-2.400e+01	-5.920e-07	4.054e+07	-2.400e+01	-5.048e-09	4.754e+09	2.190e+01	-4.652e-07
244.308	21.000	12.800	21.000	21.000	-2.400e+01	-5.502e-07	4.362e+07	-2.400e+01	-4.941e-09	4.858e+09	2.190e+01	-4.634e-07
245.049	21.000	12.900	21.000	21.000	-2.400e+01	-5.085e-07	4.720e+07	-2.400e+01	-5.016e-09	4.784e+09	2.190e+01	-4.630e-07
245.788	21.000	13.000	21.000	21.000	-2.400e+01	-4.658e-07	5.152e+07	-2.400e+01	-4.958e-09	4.841e+09	2.190e+01	-4.616e-07
246.548	21.000	13.100	21.000	21.000	-2.400e+01	-4.247e-07	5.651e+07	-2.400e+01	-4.964e-09	4.834e+09	2.190e+01	-4.601e-07
247.281	21.000	13.200	21.000	21.000	-2.400e+01	-3.842e-07	6.246e+07	-2.400e+01	-4.960e-09	4.839e+09	2.190e+01	-4.583e-07
248.019	21.000	13.300	21.000	21.000	-2.400e+01	-3.462e-07	6.932e+07	-2.400e+01	-4.934e-09	4.865e+09	2.190e+01	-4.579e-07
248.762	21.000	13.400	21.000	21.000	-2.400e+01	-3.104e-07	7.732e+07	-2.400e+01	-4.936e-09	4.863e+09	2.190e+01	-4.561e-07
249.563	21.000	13.500	21.000	21.000	-2.400e+01	-2.767e-07	8.673e+07	-2.400e+01	-4.932e-09	4.866e+09	2.190e+01	-4.558e-07
250.309	21.000	13.600	21.000	21.000	-2.400e+01	-2.460e-07	9.756e+07	-2.400e+01	-4.908e-09	4.890e+09	2.190e+01	-4.545e-07
251.048	21.000	13.700	21.000	21.000	-2.400e+01	-2.176e-07	1.103e+08	-2.400e+01	-4.938e-09	4.860e+09	2.190e+01	-4.542e-07
251.799	21.000	13.800	21.000	21.000	-2.400e+01	-1.905e-07	1.260e+08	-2.400e+01	-4.922e-09	4.876e+09	2.190e+01	-4.528e-07
252.551	21.000	13.900	21.000	21.000	-2.400e+01	-1.655e-07	1.450e+08	-2.400e+01	-4.922e-09	4.876e+09	2.190e+01	-4.526e-07
253.289	21.000	14.000	21.000	21.000	-2.400e+01	-1.437e-07	1.670e+08	-2.400e+01	-4.938e-09	4.860e+09	2.190e+01	-4.523e-07
254.029	21.000	14.100	21.000	21.000	-2.400e+01	-1.239e-07	1.937e+08	-2.400e+01	-4.882e-09	4.916e+09	2.190e+01	-4.521e-07
254.769	21.000	14.200	21.000	21.000	-2.400e+01	-1.070e-07	2.243e+08	-2.400e+01	-4.922e-09	4.876e+09	2.190e+01	-4.517e-07
255.509	21.000	14.300	21.000	21.000	-2.400e+01	-9.132e-08	2.628e+08	-2.400e+01	-4.872e-09	4.926e+09	2.190e+01	-4.513e-07
256.249	21.000	14.400	21.000	21.000	-2.400e+01	-7.853e-08	3.056e+08	-2.400e+01	-4.920e-09	4.878e+09	2.190e+01	-4.509e-07
256.982	21.000	14.500	21.000	21.000	-2.400e+01	-6.666e-08	3.601e+08	-2.400e+01	-4.925e-09	4.873e+09	2.190e+01	-4.507e-07
257.729	21.000	14.600	21.000	21.000	-2.400e+01	-5.681e-08	4.225e+08	-2.400e+01	-4.910e-09	4.888e+09	2.190e+01	-4.505e-07
258.469	21.000	14.700	21.000	21.000	-2.400e+01	-4.801e-08	4.999e+08	-2.400e+01	-4.936e-09	4.863e+09	2.190e+01	-4.502e-07
259.209	21.000	14.800	21.000	21.000	-2.400e+01	-4.036e-08	5.947e+08	-2.400e+01	-4.908e-09	4.890e+09	2.190e+01	-4.501e-07
259.949	21.000	14.900	21.000	21.000	-2.400e+01	-3.394e-08	7.072e+08	-2.400e+01	-4.880e-09	4.919e+09	2.190e+01	-4.500e-07
260.689	21.000	15.000	21.000	21.000	-2.400e+01	-2.855e-08	8.407e+08	-2.400e+01	-4.947e-09	4.851e+09	2.190e+01	-4.499e-07
261.440	21.000	15.100	21.000	21.000	-2.400e+01	-2.377e-08	1.010e+09	-2.400e+01	-4.926e-09	4.872e+09	2.190e+01	-4.498e-07
262.183	21.000	15.200	21.000	21.000	-2.400e+01	-1.994e-08	1.204e+09	-2.400e+01	-4.927e-09	4.871e+09	2.190e+01	-4.497e-07
262.920	21.000	15.300	21.000	21.000	-2.400e+01	-1.652e-08	1.453e+09	-2.400e+01	-4.899e-09	4.898e+09	2.190e+01	-4.497e-07
263.659	21.000	15.400	21.000	21.000	-2.400e+01	-1.358e-08	1.767e+09	-2.400e+01	-4.910e-09	4.888e+09	2.190e+01	-4.497e-07
264.399	21.000	15.500	21.000	21.000	-2.400e+01	-1.118e-08	2.146e+09	-2.400e+01	-4.882e-09	4.916e+09	2.190e+01	-4.496e-07
265.139	21.000	15.600	21.000	21.000	-2.400e+01	-9.300e-09	2.581e+09	-2.400e+01	-4.914e-09	4.884e+09	2.190e+01	-4.496e-07
265.872	21.000	15.700	21.000	21.000	-2.400e+01	-7.666e-09	3.131e+09	-2.400e+01	-4.914e-09	4.884e+09	2.190e+01	-4.496e-07
266.603	21.000	15.800	21.000	21.000	-2.400e+01	-6.427e-09	3.734e+09	-2.400e+01	-4.918e-09	4.880e+09	2.190e+01	-4.495e-07
267.339	21.000	15.900	21.000	21.000	-2.400e+01	-5.391e-09	4.451e+09	-2.400e+01	-4.875e-09	4.923e+09	2.190e+01	-4.495e-07
268.090	21.000	16.000	21.000	21.000	-2.400e+01	-4.486e-09	5.350e+09	-2.400e+01	-4.902e-09	4.896e+09	2.190e+01	-4.495e-07
268.822	21.000	16.100	21.000	21.000	-2.400e+01	-3.856e-09	6.224e+09	-2.400e+01	-4.900e-09	4.898e+09	2.190e+01	-4.495e-07
269.544	21.000	16.200	21.000	21.000	-2.400e+01	-3.254e-09	7.376e+09	-2.400e+01	-4.909e-09	4.889e+09	2.190e+01	-4.495e-07
270.279	21.000	16.300	21.000	21.000	-2.400e+01	-2.925e-09	8.204e+09	-2.400e+01	-4.872e-09	4.926e+09	2.190e+01	-4.495e-07
271.029	21.000	16.400	21.000	21.000	-2.400e+01	-2.573e-09	9.328e+09	-2.400e+01	-4.899e-09	4.899e+09	2.190e+01	-4.495e-07
271.814	21.000	16.500	21.000	21.000	-2.400e+01	-2.294e-09	1.046e+10	-2.400e+01	-4.897e-09	4.901e+09	2.190e+01	-4.495e-07
272.571	21.000	16.600	21.000	21.000	-2.400e+01	-2.111e-09	1.137e+10	-2.400e+01	-4.928e-09	4.871e+09	2.190e+01	-4.495e-07
273.303	21.000	16.700	21.000	21.000	-2.400e+01	-1.953e-09	1.229e+10	-2.400e+01	-4.927e-09	4.871e+09	2.190e+01	-4.495e-07
274.049	21.000	16.800	21.000	21.000	-2.400e+01	-1.877e-09	1.278e+10	-2.400e+01	-4.896e-09	4.902e+09	2.190e+01	-4.495e-07
274.790	21.000	16.900	21.000	21.000	-2.400e+01	-1.768e-09	1.357e+10	-2.400e+01	-4.901e-09	4.897e+09	2.190e+01	-4.495e-07
275.549	21.000	17.000	21.000	21.000	-2.400e+01	-1.625e-09	1.477e+10	-2.400e+01	-4.930e-09	4.869e+09	2.190e+01	-4.495e-07
276.290	21.000	17.100	21.000	21.000	-2.400e+01	-1.574e-09	1.525e+10	-2.400e+01	-4.872e-09	4.926e+09	2.190e+01	-4.495e-07
277.039	21.000	17.200	21.000	21.000	-2.400e+01	-1.526e-09	1.572e+10	-2.400e+01	-4.888e-09	4.910e+09	2.190e+01	-4.495e-07
277.779	21.000	17.300	21.000	21.000	-2.400e+01	-1.504e-09	1.596e+10	-2.400e+01	-4.910e-09	4.888e+09	2.190e+01	-4.495e-07
278.539	21.000	17.400	21.000	21.000	-2.400e+01	-1.466e-09	1.638e+10	-2.400e+01	-4.903e-09	4.895e+09	2.190e+01	-4.495e-07
279.279	21.000	17.500	21.000	21.000	-2.400e+01	-1.436e-09	1.672e+10	-2.400e+01	-4.915e-09	4.883e+09	2.190e+01	-4.495e-07
280.030	21.000	17.600	21.000	21.000	-2.400e+01	-1.357e-09	1.768e+10	-2.400e+01	-4.896e-09	4.902e+09	2.190e+01	-4.495e-07
280.769	21.000	17.700	21.000	21.000	-2.400e+01	-1.373e-09	1.748e+10	-2.400e+01	-4.937e-09	4.861e+09	2.190e+01	-4.494e-07
281.523	21.000	17.800	21.000	21.000	-2.400e+01	-1.369e-09	1.753e+10	-2.400e+01	-4.939e-09	4.860e+09	2.190e+01	-4.494e-07
282.249	21.000	17.900	21.000	21.000	-2.400e+01	-1.351e-09	1.777e+10	-2.400e+01	-4.896e-09	4.902e+09	2.190e+01	-4.494e-07
282.990	21.000	18.000	21.000	21.000	-2.400e+01	-1.411e-09	1.701e+10	-2.400e+01	-4.921e-09	4.877e+09	2.190e+01	-4.494e-07
283.720	21.000	18.100	21.000	21.000	-2.400e+01	-1.340e-09	1.791e+10	-2.400e+01	-4.870e-09	4.928e+09	2.190e+01	-4.494e-07
284.463	21.000	18.200	21.000	21.000	-2.400e+01	-1.344e-09	1.785e+10	-2.400e+01	-4.899e-09	4.899e+09	2.190e+01	-4.494e-07
285.204	21.000	18.300	21.000	21.000	-2.400e+01	-1.286e-09	1.866e+10	-2.400e+01	-4.865e-09	4.934e+09	2.190e+01	-4.494e-07
285.953	21.000	18.400	21.000	21.000	-2.400e+01	-1.304e-09	1.840e+10	-2.400e+01	-4.916e-09	4.882e+09	2.190e+01	-4.494e-07
286.700	21.000	18.500	21.000	21.000	-2.400e+01	-1.297e-09	1.850e+10	-2.400e+01	-4.907e-09	4.891e+09	2.190e+01	-4.494e-07
287.457	21.000	18.600	21.000	21.000	-2.400e+01	-1.320e-09	1.818e+10	-2.400e+01	-4.925e-09	4.873e+09	2.190e+01	-4.494e-07
288.210	21.000	18.700	21.000	21.000	-2.400e+01	-1.253e-09	1.915e+10	-2.400e+01	-4.899e-09	4.899e+09	2.190e+01	-4.494e-07
288.950	21.000	18.800	21.000	21.000	-2.400e+01	-1.306e-09	1.838e+10	-2.400e+01	-4.881e-09	4.917e+09	2.190e+01	-4.494e-07
289.690	21.000	18.900	21.000	21.000	-2.400e+01	-1.314e-09	1.827e+10	-2.400e+01	-4.933e-09	4.865e+09	2.190e+01	-4.494e-07
290.456	21.000	19.000	21.000	21.000	-2.400e+01	-1.259e-09	1.906e+10	-2.400e+01	-4.861e-09	4.937e+09	2.190e+01	-4.494e-07
291.199	21.000	19.100	21.000	21.000	-2.400e+01	-1.317e-09	1.822e+10	-2.400e+01	-4.907e-09	4.891e+09	2.190e+01	-4.494e-07
291.940	21.000	19.200	21.000	21.000	-2.400e+01	-1.340e-09	1.791e+10	-2.400e+01	-4.894e-09	4.904e+09	2.190e+01	-4.494e-07
292.679	21.000	19.300	21.000	21.000	-2.400e+01	-1.308e-09	1.835e+10	-2.400e+01	-4.909e-09	4.889e+09	2.190e+01	-4.494e-07
293.420	21.000	19.400	21.000	21.000	-2.400e+01	-1.295e-09	1.854e+10	-2.400e+01	-4.895e-09	4.903e+09	2.190e+01	-4.494e-07
294.145	21.000	19.500	21.000	21.000	-2.400e+01	-1.292e-09	1.857e+10	-2.400e+01	-4.894e-09	4.903e+09	2.190e+01	-4.494e-07
294.890	21.000	19.600	21.000	21.000	-2.400e+01	-1.311e-09	1.831e+10	-2.400e+01	-4.914e-09	4.884e+09	2.190e+01	-4.494e-07
295.631	21.000	19.700	21.000	21.000	-2.400e+01	-1.291e-09	1.859e+10	-2.400e+01	-4.907e-09	4.891e+09	2.190e+01	-4.494e-07
296.350	21.000	19.800	21.000	21.000	-2.400e+01	-1.287e-09	1.865e+10	-2.400e+01	-4.867e-09	4.931e+09	2.190e+01	-4.494e-07
297.083	21.000	19.900	21.000	21.000	-2.400e+01	-1.289e-09	1.861e+10	-2.400e+01	-4.906e-09	4.892e+09	2.190e+01	-4.493e-07
297.830	21.000	20.000	21.000	21.000	-2.400e+01	-1.279e-09	1.876e+10	-2.400e+01	-4.887e-09	4.911e+09	2.190e+01	-4.493e-07
