time, s	APT pos, mm	APL pos, mm	APR pos, mm	APB pos, mm	TH1992B_1.VOLT1	TH1992B_1.CURR1	TH1992B_1.RES1	TH1992B_1.VOLT2	TH1992B_1.CURR2	TH1992B_1.RES2
0.135	24.000	-20.000	24.000	24.000	-2.400e+01	-2.092e-09	1.147e+10	-2.400e+01	-1.372e-09	1.750e+10
0.951	24.000	-19.900	24.000	24.000	-2.400e+01	-2.150e-09	1.116e+10	-2.400e+01	-1.363e-09	1.761e+10
1.660	24.000	-19.800	24.000	24.000	-2.400e+01	-2.172e-09	1.105e+10	-2.400e+01	-1.342e-09	1.788e+10
2.364	24.000	-19.700	24.000	24.000	-2.400e+01	-2.243e-09	1.070e+10	-2.400e+01	-1.344e-09	1.786e+10
3.065	24.000	-19.600	24.000	24.000	-2.400e+01	-2.245e-09	1.069e+10	-2.400e+01	-1.346e-09	1.783e+10
3.800	24.000	-19.500	24.000	24.000	-2.400e+01	-2.323e-09	1.033e+10	-2.400e+01	-1.371e-09	1.750e+10
4.520	24.000	-19.400	24.000	24.000	-2.400e+01	-2.420e-09	9.916e+09	-2.400e+01	-1.397e-09	1.718e+10
5.231	24.000	-19.300	24.000	24.000	-2.400e+01	-2.511e-09	9.557e+09	-2.400e+01	-1.331e-09	1.803e+10
5.944	24.000	-19.200	24.000	24.000	-2.400e+01	-2.585e-09	9.283e+09	-2.400e+01	-1.330e-09	1.805e+10
6.670	24.000	-19.100	24.000	24.000	-2.400e+01	-2.742e-09	8.753e+09	-2.400e+01	-1.370e-09	1.752e+10
7.394	24.000	-19.000	24.000	24.000	-2.400e+01	-2.880e-09	8.333e+09	-2.400e+01	-1.373e-09	1.748e+10
8.120	24.000	-18.900	24.000	24.000	-2.400e+01	-3.115e-09	7.706e+09	-2.400e+01	-1.366e-09	1.756e+10
8.870	24.000	-18.800	24.000	24.000	-2.400e+01	-3.306e-09	7.260e+09	-2.400e+01	-1.353e-09	1.774e+10
9.591	24.000	-18.700	24.000	24.000	-2.400e+01	-3.622e-09	6.627e+09	-2.400e+01	-1.339e-09	1.793e+10
10.331	24.000	-18.600	24.000	24.000	-2.400e+01	-4.015e-09	5.978e+09	-2.400e+01	-1.350e-09	1.777e+10
11.071	24.000	-18.500	24.000	24.000	-2.400e+01	-4.388e-09	5.469e+09	-2.400e+01	-1.430e-09	1.679e+10
11.831	24.000	-18.400	24.000	24.000	-2.400e+01	-4.997e-09	4.802e+09	-2.400e+01	-1.363e-09	1.760e+10
12.571	24.000	-18.300	24.000	24.000	-2.400e+01	-5.659e-09	4.241e+09	-2.400e+01	-1.388e-09	1.729e+10
13.310	24.000	-18.200	24.000	24.000	-2.400e+01	-6.365e-09	3.770e+09	-2.400e+01	-1.339e-09	1.792e+10
14.051	24.000	-18.100	24.000	24.000	-2.400e+01	-7.264e-09	3.304e+09	-2.400e+01	-1.373e-09	1.748e+10
14.801	24.000	-18.000	24.000	24.000	-2.400e+01	-8.345e-09	2.876e+09	-2.400e+01	-1.396e-09	1.719e+10
15.541	24.000	-17.900	24.000	24.000	-2.400e+01	-9.643e-09	2.489e+09	-2.400e+01	-1.375e-09	1.745e+10
16.281	24.000	-17.800	24.000	24.000	-2.400e+01	-1.100e-08	2.181e+09	-2.400e+01	-1.316e-09	1.824e+10
17.021	24.000	-17.700	24.000	24.000	-2.400e+01	-1.260e-08	1.905e+09	-2.400e+01	-1.344e-09	1.786e+10
17.761	24.000	-17.600	24.000	24.000	-2.400e+01	-1.450e-08	1.655e+09	-2.400e+01	-1.395e-09	1.720e+10
18.501	24.000	-17.500	24.000	24.000	-2.400e+01	-1.664e-08	1.443e+09	-2.400e+01	-1.424e-09	1.686e+10
19.241	24.000	-17.400	24.000	24.000	-2.400e+01	-1.880e-08	1.277e+09	-2.400e+01	-1.400e-09	1.714e+10
19.981	24.000	-17.300	24.000	24.000	-2.400e+01	-2.117e-08	1.134e+09	-2.400e+01	-1.411e-09	1.701e+10
20.850	24.000	-17.200	24.000	24.000	-2.400e+01	-2.376e-08	1.010e+09	-2.400e+01	-1.384e-09	1.735e+10
21.601	24.000	-17.100	24.000	24.000	-2.400e+01	-2.648e-08	9.065e+08	-2.400e+01	-1.449e-09	1.657e+10
22.341	24.000	-17.000	24.000	24.000	-2.400e+01	-2.944e-08	8.152e+08	-2.400e+01	-1.394e-09	1.721e+10
23.082	24.000	-16.900	24.000	24.000	-2.400e+01	-3.260e-08	7.363e+08	-2.400e+01	-1.415e-09	1.696e+10
23.840	24.000	-16.800	24.000	24.000	-2.400e+01	-3.603e-08	6.662e+08	-2.400e+01	-1.439e-09	1.668e+10
24.581	24.000	-16.700	24.000	24.000	-2.400e+01	-3.959e-08	6.063e+08	-2.400e+01	-1.440e-09	1.667e+10
25.322	24.000	-16.600	24.000	24.000	-2.400e+01	-4.335e-08	5.537e+08	-2.400e+01	-1.399e-09	1.715e+10
26.061	24.000	-16.500	24.000	24.000	-2.400e+01	-4.730e-08	5.074e+08	-2.400e+01	-1.401e-09	1.713e+10
26.801	24.000	-16.400	24.000	24.000	-2.400e+01	-5.145e-08	4.664e+08	-2.400e+01	-1.418e-09	1.692e+10
27.586	24.000	-16.300	24.000	24.000	-2.400e+01	-5.575e-08	4.305e+08	-2.400e+01	-1.413e-09	1.698e+10
28.341	24.000	-16.200	24.000	24.000	-2.400e+01	-6.027e-08	3.982e+08	-2.400e+01	-1.391e-09	1.725e+10
29.071	24.000	-16.100	24.000	24.000	-2.400e+01	-6.500e-08	3.692e+08	-2.400e+01	-1.446e-09	1.660e+10
29.834	24.000	-16.000	24.000	24.000	-2.400e+01	-6.998e-08	3.429e+08	-2.400e+01	-1.443e-09	1.663e+10
30.584	24.000	-15.900	24.000	24.000	-2.400e+01	-7.506e-08	3.197e+08	-2.400e+01	-1.445e-09	1.661e+10
31.341	24.000	-15.800	24.000	24.000	-2.400e+01	-8.044e-08	2.984e+08	-2.400e+01	-1.464e-09	1.639e+10
32.102	24.000	-15.700	24.000	24.000	-2.400e+01	-8.610e-08	2.787e+08	-2.400e+01	-1.431e-09	1.678e+10
32.864	24.000	-15.600	24.000	24.000	-2.400e+01	-9.171e-08	2.617e+08	-2.400e+01	-1.438e-09	1.669e+10
33.651	24.000	-15.500	24.000	24.000	-2.400e+01	-9.817e-08	2.445e+08	-2.400e+01	-1.487e-09	1.614e+10
34.395	24.000	-15.400	24.000	24.000	-2.400e+01	-1.044e-07	2.298e+08	-2.400e+01	-1.426e-09	1.683e+10
35.156	24.000	-15.300	24.000	24.000	-2.400e+01	-1.110e-07	2.162e+08	-2.400e+01	-1.453e-09	1.651e+10
35.893	24.000	-15.200	24.000	24.000	-2.400e+01	-1.181e-07	2.032e+08	-2.400e+01	-1.478e-09	1.624e+10
36.651	24.000	-15.100	24.000	24.000	-2.400e+01	-1.251e-07	1.919e+08	-2.400e+01	-1.438e-09	1.669e+10
37.402	24.000	-15.000	24.000	24.000	-2.400e+01	-1.331e-07	1.804e+08	-2.400e+01	-1.502e-09	1.598e+10
38.171	24.000	-14.900	24.000	24.000	-2.400e+01	-1.410e-07	1.703e+08	-2.400e+01	-1.486e-09	1.616e+10
38.906	24.000	-14.800	24.000	24.000	-2.400e+01	-1.495e-07	1.605e+08	-2.400e+01	-1.481e-09	1.620e+10
39.654	24.000	-14.700	24.000	24.000	-2.400e+01	-1.581e-07	1.518e+08	-2.400e+01	-1.483e-09	1.618e+10
40.405	24.000	-14.600	24.000	24.000	-2.400e+01	-1.678e-07	1.430e+08	-2.400e+01	-1.486e-09	1.615e+10
41.151	24.000	-14.500	24.000	24.000	-2.400e+01	-1.777e-07	1.351e+08	-2.400e+01	-1.459e-09	1.645e+10
41.893	24.000	-14.400	24.000	24.000	-2.400e+01	-1.878e-07	1.278e+08	-2.400e+01	-1.511e-09	1.588e+10
42.625	24.000	-14.300	24.000	24.000	-2.400e+01	-1.987e-07	1.208e+08	-2.400e+01	-1.510e-09	1.589e+10
43.371	24.000	-14.200	24.000	24.000	-2.400e+01	-2.098e-07	1.144e+08	-2.400e+01	-1.547e-09	1.552e+10
44.122	24.000	-14.100	24.000	24.000	-2.400e+01	-2.213e-07	1.085e+08	-2.400e+01	-1.525e-09	1.574e+10
44.866	24.000	-14.000	24.000	24.000	-2.400e+01	-2.330e-07	1.030e+08	-2.400e+01	-1.525e-09	1.574e+10
45.582	24.000	-13.900	24.000	24.000	-2.400e+01	-2.448e-07	9.805e+07	-2.400e+01	-1.503e-09	1.597e+10
46.322	24.000	-13.800	24.000	24.000	-2.400e+01	-2.575e-07	9.322e+07	-2.400e+01	-1.576e-09	1.522e+10
47.062	24.000	-13.700	24.000	24.000	-2.400e+01	-2.697e-07	8.898e+07	-2.400e+01	-1.547e-09	1.551e+10
47.826	24.000	-13.600	24.000	24.000	-2.400e+01	-2.816e-07	8.523e+07	-2.400e+01	-1.546e-09	1.552e+10
48.571	24.000	-13.500	24.000	24.000	-2.400e+01	-2.944e-07	8.152e+07	-2.400e+01	-1.588e-09	1.511e+10
49.312	24.000	-13.400	24.000	24.000	-2.400e+01	-3.066e-07	7.828e+07	-2.400e+01	-1.555e-09	1.544e+10
50.051	24.000	-13.300	24.000	24.000	-2.400e+01	-3.187e-07	7.530e+07	-2.400e+01	-1.569e-09	1.529e+10
50.825	24.000	-13.200	24.000	24.000	-2.400e+01	-3.303e-07	7.265e+07	-2.400e+01	-1.562e-09	1.536e+10
51.759	24.000	-13.100	24.000	24.000	-2.400e+01	-3.419e-07	7.019e+07	-2.400e+01	-1.572e-09	1.527e+10
52.565	24.000	-13.000	24.000	24.000	-2.400e+01	-3.528e-07	6.803e+07	-2.400e+01	-1.577e-09	1.522e+10
53.302	24.000	-12.900	24.000	24.000	-2.400e+01	-3.636e-07	6.600e+07	-2.400e+01	-1.537e-09	1.561e+10
54.042	24.000	-12.800	24.000	24.000	-2.400e+01	-3.743e-07	6.412e+07	-2.400e+01	-1.616e-09	1.485e+10
54.795	24.000	-12.700	24.000	24.000	-2.400e+01	-3.843e-07	6.245e+07	-2.400e+01	-1.617e-09	1.484e+10
55.542	24.000	-12.600	24.000	24.000	-2.400e+01	-3.944e-07	6.085e+07	-2.400e+01	-1.651e-09	1.453e+10
56.262	24.000	-12.500	24.000	24.000	-2.400e+01	-4.038e-07	5.944e+07	-2.400e+01	-1.649e-09	1.456e+10
57.047	24.000	-12.400	24.000	24.000	-2.400e+01	-4.129e-07	5.813e+07	-2.400e+01	-1.649e-09	1.455e+10
57.811	24.000	-12.300	24.000	24.000	-2.400e+01	-4.217e-07	5.691e+07	-2.400e+01	-1.660e-09	1.446e+10
58.561	24.000	-12.200	24.000	24.000	-2.400e+01	-4.300e-07	5.582e+07	-2.400e+01	-1.705e-09	1.408e+10
59.312	24.000	-12.100	24.000	24.000	-2.400e+01	-4.382e-07	5.478e+07	-2.400e+01	-1.676e-09	1.432e+10
60.062	24.000	-12.000	24.000	24.000	-2.400e+01	-4.454e-07	5.389e+07	-2.400e+01	-1.663e-09	1.443e+10
60.801	24.000	-11.900	24.000	24.000	-2.400e+01	-4.525e-07	5.304e+07	-2.400e+01	-1.690e-09	1.420e+10
61.562	24.000	-11.800	24.000	24.000	-2.400e+01	-4.592e-07	5.226e+07	-2.400e+01	-1.702e-09	1.410e+10
62.312	24.000	-11.700	24.000	24.000	-2.400e+01	-4.656e-07	5.155e+07	-2.400e+01	-1.734e-09	1.384e+10
63.052	24.000	-11.600	24.000	24.000	-2.400e+01	-4.716e-07	5.089e+07	-2.400e+01	-1.685e-09	1.425e+10
63.811	24.000	-11.500	24.000	24.000	-2.400e+01	-4.772e-07	5.029e+07	-2.400e+01	-1.709e-09	1.405e+10
64.545	24.000	-11.400	24.000	24.000	-2.400e+01	-4.825e-07	4.974e+07	-2.400e+01	-1.705e-09	1.408e+10
65.292	24.000	-11.300	24.000	24.000	-2.400e+01	-4.872e-07	4.926e+07	-2.400e+01	-1.746e-09	1.375e+10
66.032	24.000	-11.200	24.000	24.000	-2.400e+01	-4.917e-07	4.881e+07	-2.400e+01	-1.777e-09	1.350e+10
66.802	24.000	-11.100	24.000	24.000	-2.400e+01	-4.959e-07	4.840e+07	-2.400e+01	-1.738e-09	1.381e+10
67.562	24.000	-11.000	24.000	24.000	-2.400e+01	-4.997e-07	4.803e+07	-2.400e+01	-1.766e-09	1.359e+10
68.312	24.000	-10.900	24.000	24.000	-2.400e+01	-5.034e-07	4.768e+07	-2.400e+01	-1.825e-09	1.315e+10
69.062	24.000	-10.800	24.000	24.000	-2.400e+01	-5.067e-07	4.736e+07	-2.400e+01	-1.843e-09	1.302e+10
69.823	24.000	-10.700	24.000	24.000	-2.400e+01	-5.099e-07	4.707e+07	-2.400e+01	-1.824e-09	1.315e+10
70.562	24.000	-10.600	24.000	24.000	-2.400e+01	-5.127e-07	4.682e+07	-2.400e+01	-1.817e-09	1.321e+10
71.322	24.000	-10.500	24.000	24.000	-2.400e+01	-5.151e-07	4.659e+07	-2.400e+01	-1.837e-09	1.306e+10
72.093	24.000	-10.400	24.000	24.000	-2.400e+01	-5.174e-07	4.639e+07	-2.400e+01	-1.822e-09	1.317e+10
72.861	24.000	-10.300	24.000	24.000	-2.400e+01	-5.193e-07	4.621e+07	-2.400e+01	-1.864e-09	1.287e+10
73.602	24.000	-10.200	24.000	24.000	-2.400e+01	-5.211e-07	4.606e+07	-2.400e+01	-1.836e-09	1.307e+10
74.342	24.000	-10.100	24.000	24.000	-2.400e+01	-5.224e-07	4.594e+07	-2.400e+01	-1.867e-09	1.285e+10
75.093	24.000	-10.000	24.000	24.000	-2.400e+01	-5.235e-07	4.584e+07	-2.400e+01	-1.898e-09	1.264e+10
75.852	24.000	-9.900	24.000	24.000	-2.400e+01	-5.244e-07	4.577e+07	-2.400e+01	-1.922e-09	1.249e+10
76.686	24.000	-9.800	24.000	24.000	-2.400e+01	-5.253e-07	4.569e+07	-2.400e+01	-1.929e-09	1.244e+10
77.432	24.000	-9.700	24.000	24.000	-2.400e+01	-5.258e-07	4.564e+07	-2.400e+01	-1.895e-09	1.267e+10
78.172	24.000	-9.600	24.000	24.000	-2.400e+01	-5.263e-07	4.560e+07	-2.400e+01	-1.953e-09	1.229e+10
78.924	24.000	-9.500	24.000	24.000	-2.400e+01	-5.266e-07	4.558e+07	-2.400e+01	-1.910e-09	1.257e+10
79.672	24.000	-9.400	24.000	24.000	-2.400e+01	-5.267e-07	4.557e+07	-2.400e+01	-1.957e-09	1.226e+10
80.422	24.000	-9.300	24.000	24.000	-2.400e+01	-5.267e-07	4.556e+07	-2.400e+01	-1.999e-09	1.201e+10
81.166	24.000	-9.200	24.000	24.000	-2.400e+01	-5.267e-07	4.557e+07	-2.400e+01	-1.997e-09	1.202e+10
81.914	24.000	-9.100	24.000	24.000	-2.400e+01	-5.267e-07	4.557e+07	-2.400e+01	-1.983e-09	1.210e+10
82.663	24.000	-9.000	24.000	24.000	-2.400e+01	-5.266e-07	4.557e+07	-2.400e+01	-2.002e-09	1.199e+10
83.395	24.000	-8.900	24.000	24.000	-2.400e+01	-5.264e-07	4.559e+07	-2.400e+01	-2.006e-09	1.196e+10
84.143	24.000	-8.800	24.000	24.000	-2.400e+01	-5.263e-07	4.560e+07	-2.400e+01	-1.983e-09	1.210e+10
84.893	24.000	-8.700	24.000	24.000	-2.400e+01	-5.262e-07	4.561e+07	-2.400e+01	-2.020e-09	1.188e+10
85.642	24.000	-8.600	24.000	24.000	-2.400e+01	-5.261e-07	4.562e+07	-2.400e+01	-1.998e-09	1.201e+10
86.383	24.000	-8.500	24.000	24.000	-2.400e+01	-5.261e-07	4.561e+07	-2.400e+01	-2.089e-09	1.149e+10
87.175	24.000	-8.400	24.000	24.000	-2.400e+01	-5.261e-07	4.562e+07	-2.400e+01	-2.069e-09	1.160e+10
87.983	24.000	-8.300	24.000	24.000	-2.400e+01	-5.259e-07	4.564e+07	-2.400e+01	-2.050e-09	1.171e+10
88.722	24.000	-8.200	24.000	24.000	-2.400e+01	-5.257e-07	4.565e+07	-2.400e+01	-2.046e-09	1.173e+10
89.456	24.000	-8.100	24.000	24.000	-2.400e+01	-5.257e-07	4.566e+07	-2.400e+01	-2.049e-09	1.171e+10
90.202	24.000	-8.000	24.000	24.000	-2.400e+01	-5.256e-07	4.566e+07	-2.400e+01	-2.067e-09	1.161e+10
90.955	24.000	-7.900	24.000	24.000	-2.400e+01	-5.254e-07	4.568e+07	-2.400e+01	-2.057e-09	1.167e+10
91.703	24.000	-7.800	24.000	24.000	-2.400e+01	-5.254e-07	4.568e+07	-2.400e+01	-2.115e-09	1.135e+10
92.446	24.000	-7.700	24.000	24.000	-2.400e+01	-5.253e-07	4.569e+07	-2.400e+01	-2.114e-09	1.136e+10
93.193	24.000	-7.600	24.000	24.000	-2.400e+01	-5.252e-07	4.570e+07	-2.400e+01	-2.131e-09	1.126e+10
93.934	24.000	-7.500	24.000	24.000	-2.400e+01	-5.251e-07	4.570e+07	-2.400e+01	-2.081e-09	1.153e+10
94.683	24.000	-7.400	24.000	24.000	-2.400e+01	-5.252e-07	4.570e+07	-2.400e+01	-2.135e-09	1.124e+10
95.432	24.000	-7.300	24.000	24.000	-2.400e+01	-5.251e-07	4.571e+07	-2.400e+01	-2.150e-09	1.116e+10
96.176	24.000	-7.200	24.000	24.000	-2.400e+01	-5.250e-07	4.571e+07	-2.400e+01	-2.159e-09	1.112e+10
96.925	24.000	-7.100	24.000	24.000	-2.400e+01	-5.250e-07	4.572e+07	-2.400e+01	-2.207e-09	1.087e+10
97.673	24.000	-7.000	24.000	24.000	-2.400e+01	-5.249e-07	4.573e+07	-2.400e+01	-2.182e-09	1.100e+10
98.413	24.000	-6.900	24.000	24.000	-2.400e+01	-5.248e-07	4.573e+07	-2.400e+01	-2.206e-09	1.088e+10
99.153	24.000	-6.800	24.000	24.000	-2.400e+01	-5.247e-07	4.574e+07	-2.400e+01	-2.189e-09	1.097e+10
99.904	24.000	-6.700	24.000	24.000	-2.400e+01	-5.247e-07	4.574e+07	-2.400e+01	-2.178e-09	1.102e+10
100.652	24.000	-6.600	24.000	24.000	-2.400e+01	-5.246e-07	4.575e+07	-2.400e+01	-2.210e-09	1.086e+10
101.403	24.000	-6.500	24.000	24.000	-2.400e+01	-5.245e-07	4.575e+07	-2.400e+01	-2.226e-09	1.078e+10
102.147	24.000	-6.400	24.000	24.000	-2.400e+01	-5.245e-07	4.576e+07	-2.400e+01	-2.225e-09	1.079e+10
102.897	24.000	-6.300	24.000	24.000	-2.400e+01	-5.244e-07	4.577e+07	-2.400e+01	-2.225e-09	1.079e+10
103.643	24.000	-6.200	24.000	24.000	-2.400e+01	-5.243e-07	4.577e+07	-2.400e+01	-2.189e-09	1.096e+10
104.393	24.000	-6.100	24.000	24.000	-2.400e+01	-5.242e-07	4.578e+07	-2.400e+01	-2.255e-09	1.064e+10
105.133	24.000	-6.000	24.000	24.000	-2.400e+01	-5.241e-07	4.579e+07	-2.400e+01	-2.240e-09	1.071e+10
105.874	24.000	-5.900	24.000	24.000	-2.400e+01	-5.240e-07	4.580e+07	-2.400e+01	-2.239e-09	1.072e+10
106.623	24.000	-5.800	24.000	24.000	-2.400e+01	-5.239e-07	4.581e+07	-2.400e+01	-2.224e-09	1.079e+10
107.363	24.000	-5.700	24.000	24.000	-2.400e+01	-5.238e-07	4.582e+07	-2.400e+01	-2.281e-09	1.052e+10
108.113	24.000	-5.600	24.000	24.000	-2.400e+01	-5.236e-07	4.584e+07	-2.400e+01	-2.246e-09	1.069e+10
108.875	24.000	-5.500	24.000	24.000	-2.400e+01	-5.236e-07	4.584e+07	-2.400e+01	-2.266e-09	1.059e+10
109.623	24.000	-5.400	24.000	24.000	-2.400e+01	-5.234e-07	4.585e+07	-2.400e+01	-2.332e-09	1.029e+10
110.383	24.000	-5.300	24.000	24.000	-2.400e+01	-5.234e-07	4.585e+07	-2.400e+01	-2.325e-09	1.032e+10
111.137	24.000	-5.200	24.000	24.000	-2.400e+01	-5.232e-07	4.587e+07	-2.400e+01	-2.297e-09	1.045e+10
111.888	24.000	-5.100	24.000	24.000	-2.400e+01	-5.231e-07	4.588e+07	-2.400e+01	-2.356e-09	1.019e+10
112.634	24.000	-5.000	24.000	24.000	-2.400e+01	-5.230e-07	4.589e+07	-2.400e+01	-2.332e-09	1.029e+10
113.373	24.000	-4.900	24.000	24.000	-2.400e+01	-5.229e-07	4.590e+07	-2.400e+01	-2.274e-09	1.056e+10
114.114	24.000	-4.800	24.000	24.000	-2.400e+01	-5.228e-07	4.590e+07	-2.400e+01	-2.328e-09	1.031e+10
114.874	24.000	-4.700	24.000	24.000	-2.400e+01	-5.227e-07	4.592e+07	-2.400e+01	-2.345e-09	1.023e+10
115.617	24.000	-4.600	24.000	24.000	-2.400e+01	-5.225e-07	4.593e+07	-2.400e+01	-2.349e-09	1.022e+10
116.367	24.000	-4.500	24.000	24.000	-2.400e+01	-5.224e-07	4.594e+07	-2.400e+01	-2.294e-09	1.046e+10
117.170	24.000	-4.400	24.000	24.000	-2.400e+01	-5.222e-07	4.596e+07	-2.400e+01	-2.349e-09	1.022e+10
117.896	24.000	-4.300	24.000	24.000	-2.400e+01	-5.221e-07	4.597e+07	-2.400e+01	-2.393e-09	1.003e+10
118.633	24.000	-4.200	24.000	24.000	-2.400e+01	-5.219e-07	4.599e+07	-2.400e+01	-2.338e-09	1.026e+10
119.374	24.000	-4.100	24.000	24.000	-2.400e+01	-5.217e-07	4.600e+07	-2.400e+01	-2.352e-09	1.020e+10
120.127	24.000	-4.000	24.000	24.000	-2.400e+01	-5.215e-07	4.602e+07	-2.400e+01	-2.313e-09	1.038e+10
120.879	24.000	-3.900	24.000	24.000	-2.400e+01	-5.212e-07	4.605e+07	-2.400e+01	-2.345e-09	1.024e+10
121.623	24.000	-3.800	24.000	24.000	-2.400e+01	-5.210e-07	4.606e+07	-2.400e+01	-2.415e-09	9.939e+09
122.373	24.000	-3.700	24.000	24.000	-2.400e+01	-5.208e-07	4.608e+07	-2.400e+01	-2.356e-09	1.019e+10
123.124	24.000	-3.600	24.000	24.000	-2.400e+01	-5.205e-07	4.611e+07	-2.400e+01	-2.362e-09	1.016e+10
123.875	24.000	-3.500	24.000	24.000	-2.400e+01	-5.201e-07	4.614e+07	-2.400e+01	-2.391e-09	1.004e+10
124.624	24.000	-3.400	24.000	24.000	-2.400e+01	-5.199e-07	4.616e+07	-2.400e+01	-2.415e-09	9.939e+09
125.376	24.000	-3.300	24.000	24.000	-2.400e+01	-5.197e-07	4.618e+07	-2.400e+01	-2.417e-09	9.928e+09
126.117	24.000	-3.200	24.000	24.000	-2.400e+01	-5.195e-07	4.620e+07	-2.400e+01	-2.417e-09	9.928e+09
126.875	24.000	-3.100	24.000	24.000	-2.400e+01	-5.192e-07	4.623e+07	-2.400e+01	-2.407e-09	9.972e+09
127.614	24.000	-3.000	24.000	24.000	-2.400e+01	-5.188e-07	4.626e+07	-2.400e+01	-2.382e-09	1.008e+10
128.344	24.000	-2.900	24.000	24.000	-2.400e+01	-5.185e-07	4.628e+07	-2.400e+01	-2.393e-09	1.003e+10
129.085	24.000	-2.800	24.000	24.000	-2.400e+01	-5.182e-07	4.631e+07	-2.400e+01	-2.408e-09	9.966e+09
129.843	24.000	-2.700	24.000	24.000	-2.400e+01	-5.180e-07	4.634e+07	-2.400e+01	-2.381e-09	1.008e+10
130.573	24.000	-2.600	24.000	24.000	-2.400e+01	-5.177e-07	4.635e+07	-2.400e+01	-2.449e-09	9.799e+09
131.314	24.000	-2.500	24.000	24.000	-2.400e+01	-5.174e-07	4.639e+07	-2.400e+01	-2.463e-09	9.743e+09
132.053	24.000	-2.400	24.000	24.000	-2.400e+01	-5.172e-07	4.640e+07	-2.400e+01	-2.418e-09	9.925e+09
132.775	24.000	-2.300	24.000	24.000	-2.400e+01	-5.169e-07	4.643e+07	-2.400e+01	-2.422e-09	9.908e+09
133.524	24.000	-2.200	24.000	24.000	-2.400e+01	-5.166e-07	4.646e+07	-2.400e+01	-2.396e-09	1.002e+10
134.267	24.000	-2.100	24.000	24.000	-2.400e+01	-5.162e-07	4.649e+07	-2.400e+01	-2.393e-09	1.003e+10
135.004	24.000	-2.000	24.000	24.000	-2.400e+01	-5.158e-07	4.653e+07	-2.400e+01	-2.429e-09	9.882e+09
135.755	24.000	-1.900	24.000	24.000	-2.400e+01	-5.155e-07	4.656e+07	-2.400e+01	-2.436e-09	9.852e+09
136.504	24.000	-1.800	24.000	24.000	-2.400e+01	-5.151e-07	4.659e+07	-2.400e+01	-2.376e-09	1.010e+10
137.253	24.000	-1.700	24.000	24.000	-2.400e+01	-5.148e-07	4.662e+07	-2.400e+01	-2.424e-09	9.900e+09
137.994	24.000	-1.600	24.000	24.000	-2.400e+01	-5.143e-07	4.666e+07	-2.400e+01	-2.404e-09	9.984e+09
138.745	24.000	-1.500	24.000	24.000	-2.400e+01	-5.140e-07	4.669e+07	-2.400e+01	-2.464e-09	9.741e+09
139.484	24.000	-1.400	24.000	24.000	-2.400e+01	-5.136e-07	4.673e+07	-2.400e+01	-2.412e-09	9.948e+09
140.224	24.000	-1.300	24.000	24.000	-2.400e+01	-5.132e-07	4.676e+07	-2.400e+01	-2.441e-09	9.834e+09
140.984	24.000	-1.200	24.000	24.000	-2.400e+01	-5.128e-07	4.680e+07	-2.400e+01	-2.393e-09	1.003e+10
141.745	24.000	-1.100	24.000	24.000	-2.400e+01	-5.124e-07	4.684e+07	-2.400e+01	-2.433e-09	9.864e+09
142.494	24.000	-1.000	24.000	24.000	-2.400e+01	-5.118e-07	4.689e+07	-2.400e+01	-2.475e-09	9.696e+09
143.234	24.000	-0.900	24.000	24.000	-2.400e+01	-5.113e-07	4.694e+07	-2.400e+01	-2.425e-09	9.895e+09
143.968	24.000	-0.800	24.000	24.000	-2.400e+01	-5.108e-07	4.699e+07	-2.400e+01	-2.428e-09	9.886e+09
144.718	24.000	-0.700	24.000	24.000	-2.400e+01	-5.103e-07	4.703e+07	-2.400e+01	-2.459e-09	9.761e+09
145.474	24.000	-0.600	24.000	24.000	-2.400e+01	-5.098e-07	4.708e+07	-2.400e+01	-2.457e-09	9.768e+09
146.224	24.000	-0.500	24.000	24.000	-2.400e+01	-5.092e-07	4.713e+07	-2.400e+01	-2.446e-09	9.811e+09
147.017	24.000	-0.400	24.000	24.000	-2.400e+01	-5.087e-07	4.718e+07	-2.400e+01	-2.403e-09	9.988e+09
147.768	24.000	-0.300	24.000	24.000	-2.400e+01	-5.083e-07	4.722e+07	-2.400e+01	-2.388e-09	1.005e+10
148.518	24.000	-0.200	24.000	24.000	-2.400e+01	-5.078e-07	4.726e+07	-2.400e+01	-2.447e-09	9.809e+09
149.265	24.000	-0.100	24.000	24.000	-2.400e+01	-5.072e-07	4.732e+07	-2.400e+01	-2.415e-09	9.937e+09
150.014	24.000	0.000	24.000	24.000	-2.400e+01	-5.065e-07	4.738e+07	-2.400e+01	-2.435e-09	9.856e+09
150.755	24.000	0.100	24.000	24.000	-2.400e+01	-5.058e-07	4.745e+07	-2.400e+01	-2.431e-09	9.872e+09
151.494	24.000	0.200	24.000	24.000	-2.400e+01	-5.051e-07	4.751e+07	-2.400e+01	-2.376e-09	1.010e+10
152.234	24.000	0.300	24.000	24.000	-2.400e+01	-5.044e-07	4.758e+07	-2.400e+01	-2.436e-09	9.854e+09
152.984	24.000	0.400	24.000	24.000	-2.400e+01	-5.036e-07	4.765e+07	-2.400e+01	-2.409e-09	9.964e+09
153.724	24.000	0.500	24.000	24.000	-2.400e+01	-5.029e-07	4.772e+07	-2.400e+01	-2.349e-09	1.022e+10
154.465	24.000	0.600	24.000	24.000	-2.400e+01	-5.021e-07	4.780e+07	-2.400e+01	-2.402e-09	9.991e+09
155.207	24.000	0.700	24.000	24.000	-2.400e+01	-5.013e-07	4.788e+07	-2.400e+01	-2.400e-09	1.000e+10
155.955	24.000	0.800	24.000	24.000	-2.400e+01	-5.004e-07	4.796e+07	-2.400e+01	-2.461e-09	9.752e+09
156.694	24.000	0.900	24.000	24.000	-2.400e+01	-4.995e-07	4.805e+07	-2.400e+01	-2.373e-09	1.012e+10
157.444	24.000	1.000	24.000	24.000	-2.400e+01	-4.985e-07	4.815e+07	-2.400e+01	-2.351e-09	1.021e+10
158.185	24.000	1.100	24.000	24.000	-2.400e+01	-4.974e-07	4.825e+07	-2.400e+01	-2.377e-09	1.010e+10
159.035	24.000	1.200	24.000	24.000	-2.400e+01	-4.962e-07	4.836e+07	-2.400e+01	-2.406e-09	9.977e+09
159.775	24.000	1.300	24.000	24.000	-2.400e+01	-4.951e-07	4.847e+07	-2.400e+01	-2.415e-09	9.937e+09
160.524	24.000	1.400	24.000	24.000	-2.400e+01	-4.940e-07	4.858e+07	-2.400e+01	-2.374e-09	1.011e+10
161.275	24.000	1.500	24.000	24.000	-2.400e+01	-4.929e-07	4.869e+07	-2.400e+01	-2.422e-09	9.907e+09
162.024	24.000	1.600	24.000	24.000	-2.400e+01	-4.918e-07	4.880e+07	-2.400e+01	-2.392e-09	1.003e+10
162.765	24.000	1.700	24.000	24.000	-2.400e+01	-4.906e-07	4.892e+07	-2.400e+01	-2.382e-09	1.008e+10
163.507	24.000	1.800	24.000	24.000	-2.400e+01	-4.893e-07	4.905e+07	-2.400e+01	-2.387e-09	1.005e+10
164.255	24.000	1.900	24.000	24.000	-2.400e+01	-4.880e-07	4.918e+07	-2.400e+01	-2.336e-09	1.027e+10
164.996	24.000	2.000	24.000	24.000	-2.400e+01	-4.865e-07	4.933e+07	-2.400e+01	-2.368e-09	1.014e+10
165.728	24.000	2.100	24.000	24.000	-2.400e+01	-4.852e-07	4.947e+07	-2.400e+01	-2.362e-09	1.016e+10
166.479	24.000	2.200	24.000	24.000	-2.400e+01	-4.836e-07	4.963e+07	-2.400e+01	-2.357e-09	1.018e+10
167.224	24.000	2.300	24.000	24.000	-2.400e+01	-4.822e-07	4.977e+07	-2.400e+01	-2.350e-09	1.021e+10
167.945	24.000	2.400	24.000	24.000	-2.400e+01	-4.807e-07	4.993e+07	-2.400e+01	-2.365e-09	1.015e+10
168.684	24.000	2.500	24.000	24.000	-2.400e+01	-4.792e-07	5.009e+07	-2.400e+01	-2.344e-09	1.024e+10
169.424	24.000	2.600	24.000	24.000	-2.400e+01	-4.775e-07	5.026e+07	-2.400e+01	-2.375e-09	1.011e+10
170.165	24.000	2.700	24.000	24.000	-2.400e+01	-4.758e-07	5.044e+07	-2.400e+01	-2.351e-09	1.021e+10
170.906	24.000	2.800	24.000	24.000	-2.400e+01	-4.740e-07	5.064e+07	-2.400e+01	-2.327e-09	1.032e+10
171.645	24.000	2.900	24.000	24.000	-2.400e+01	-4.722e-07	5.083e+07	-2.400e+01	-2.337e-09	1.027e+10
172.377	24.000	3.000	24.000	24.000	-2.400e+01	-4.702e-07	5.105e+07	-2.400e+01	-2.332e-09	1.029e+10
173.125	24.000	3.100	24.000	24.000	-2.400e+01	-4.681e-07	5.128e+07	-2.400e+01	-2.375e-09	1.011e+10
173.876	24.000	3.200	24.000	24.000	-2.400e+01	-4.660e-07	5.151e+07	-2.400e+01	-2.403e-09	9.985e+09
174.618	24.000	3.300	24.000	24.000	-2.400e+01	-4.639e-07	5.174e+07	-2.400e+01	-2.408e-09	9.966e+09
175.355	24.000	3.400	24.000	24.000	-2.400e+01	-4.617e-07	5.198e+07	-2.400e+01	-2.413e-09	9.945e+09
176.095	24.000	3.500	24.000	24.000	-2.400e+01	-4.593e-07	5.226e+07	-2.400e+01	-2.434e-09	9.860e+09
176.855	24.000	3.600	24.000	24.000	-2.400e+01	-4.570e-07	5.252e+07	-2.400e+01	-2.456e-09	9.772e+09
177.647	24.000	3.700	24.000	24.000	-2.400e+01	-4.544e-07	5.282e+07	-2.400e+01	-2.423e-09	9.905e+09
178.375	24.000	3.800	24.000	24.000	-2.400e+01	-4.519e-07	5.311e+07	-2.400e+01	-2.443e-09	9.825e+09
179.115	24.000	3.900	24.000	24.000	-2.400e+01	-4.491e-07	5.344e+07	-2.400e+01	-2.511e-09	9.559e+09
179.876	24.000	4.000	24.000	24.000	-2.400e+01	-4.462e-07	5.379e+07	-2.400e+01	-2.482e-09	9.670e+09
180.608	24.000	4.100	24.000	24.000	-2.400e+01	-4.433e-07	5.414e+07	-2.400e+01	-2.489e-09	9.643e+09
181.355	24.000	4.200	24.000	24.000	-2.400e+01	-4.402e-07	5.452e+07	-2.400e+01	-2.551e-09	9.410e+09
182.105	24.000	4.300	24.000	24.000	-2.400e+01	-4.370e-07	5.491e+07	-2.400e+01	-2.605e-09	9.215e+09
182.864	24.000	4.400	24.000	24.000	-2.400e+01	-4.339e-07	5.531e+07	-2.400e+01	-2.561e-09	9.372e+09
183.615	24.000	4.500	24.000	24.000	-2.400e+01	-4.301e-07	5.581e+07	-2.400e+01	-2.573e-09	9.329e+09
184.349	24.000	4.600	24.000	24.000	-2.400e+01	-4.268e-07	5.624e+07	-2.400e+01	-2.575e-09	9.321e+09
185.095	24.000	4.700	24.000	24.000	-2.400e+01	-4.231e-07	5.673e+07	-2.400e+01	-2.586e-09	9.282e+09
185.836	24.000	4.800	24.000	24.000	-2.400e+01	-4.192e-07	5.725e+07	-2.400e+01	-2.628e-09	9.134e+09
186.575	24.000	4.900	24.000	24.000	-2.400e+01	-4.152e-07	5.780e+07	-2.400e+01	-2.612e-09	9.190e+09
187.325	24.000	5.000	24.000	24.000	-2.400e+01	-4.109e-07	5.841e+07	-2.400e+01	-2.580e-09	9.301e+09
188.065	24.000	5.100	24.000	24.000	-2.400e+01	-4.067e-07	5.901e+07	-2.400e+01	-2.592e-09	9.260e+09
188.845	24.000	5.200	24.000	24.000	-2.400e+01	-4.021e-07	5.969e+07	-2.400e+01	-2.567e-09	9.350e+09
189.595	24.000	5.300	24.000	24.000	-2.400e+01	-3.975e-07	6.038e+07	-2.400e+01	-2.535e-09	9.469e+09
190.348	24.000	5.400	24.000	24.000	-2.400e+01	-3.927e-07	6.112e+07	-2.400e+01	-2.531e-09	9.483e+09
191.095	24.000	5.500	24.000	24.000	-2.400e+01	-3.870e-07	6.201e+07	-2.400e+01	-2.512e-09	9.554e+09
191.864	24.000	5.600	24.000	24.000	-2.400e+01	-3.820e-07	6.282e+07	-2.400e+01	-2.534e-09	9.470e+09
192.599	24.000	5.700	24.000	24.000	-2.400e+01	-3.764e-07	6.376e+07	-2.400e+01	-2.531e-09	9.483e+09
193.345	24.000	5.800	24.000	24.000	-2.400e+01	-3.714e-07	6.461e+07	-2.400e+01	-2.508e-09	9.569e+09
194.285	24.000	5.900	24.000	24.000	-2.400e+01	-3.650e-07	6.575e+07	-2.400e+01	-2.549e-09	9.415e+09
195.035	24.000	6.000	24.000	24.000	-2.400e+01	-3.591e-07	6.683e+07	-2.400e+01	-2.526e-09	9.501e+09
195.775	24.000	6.100	24.000	24.000	-2.400e+01	-3.527e-07	6.805e+07	-2.400e+01	-2.511e-09	9.559e+09
196.516	24.000	6.200	24.000	24.000	-2.400e+01	-3.465e-07	6.926e+07	-2.400e+01	-2.504e-09	9.587e+09
197.248	24.000	6.300	24.000	24.000	-2.400e+01	-3.401e-07	7.057e+07	-2.400e+01	-2.507e-09	9.574e+09
197.996	24.000	6.400	24.000	24.000	-2.400e+01	-3.330e-07	7.207e+07	-2.400e+01	-2.523e-09	9.511e+09
198.756	24.000	6.500	24.000	24.000	-2.400e+01	-3.261e-07	7.360e+07	-2.400e+01	-2.504e-09	9.584e+09
199.505	24.000	6.600	24.000	24.000	-2.400e+01	-3.188e-07	7.528e+07	-2.400e+01	-2.510e-09	9.562e+09
200.245	24.000	6.700	24.000	24.000	-2.400e+01	-3.117e-07	7.699e+07	-2.400e+01	-2.484e-09	9.663e+09
200.978	24.000	6.800	24.000	24.000	-2.400e+01	-3.047e-07	7.876e+07	-2.400e+01	-2.485e-09	9.656e+09
201.726	24.000	6.900	24.000	24.000	-2.400e+01	-2.963e-07	8.101e+07	-2.400e+01	-2.459e-09	9.759e+09
202.465	24.000	7.000	24.000	24.000	-2.400e+01	-2.892e-07	8.299e+07	-2.400e+01	-2.460e-09	9.756e+09
203.216	24.000	7.100	24.000	24.000	-2.400e+01	-2.816e-07	8.522e+07	-2.400e+01	-2.427e-09	9.888e+09
203.955	24.000	7.200	24.000	24.000	-2.400e+01	-2.729e-07	8.795e+07	-2.400e+01	-2.488e-09	9.645e+09
204.705	24.000	7.300	24.000	24.000	-2.400e+01	-2.652e-07	9.049e+07	-2.400e+01	-2.455e-09	9.776e+09
205.445	24.000	7.400	24.000	24.000	-2.400e+01	-2.567e-07	9.348e+07	-2.400e+01	-2.447e-09	9.808e+09
206.187	24.000	7.500	24.000	24.000	-2.400e+01	-2.484e-07	9.663e+07	-2.400e+01	-2.453e-09	9.784e+09
206.990	24.000	7.600	24.000	24.000	-2.400e+01	-2.406e-07	9.974e+07	-2.400e+01	-2.411e-09	9.956e+09
207.747	24.000	7.700	24.000	24.000	-2.400e+01	-2.321e-07	1.034e+08	-2.400e+01	-2.407e-09	9.971e+09
208.486	24.000	7.800	24.000	24.000	-2.400e+01	-2.243e-07	1.070e+08	-2.400e+01	-2.442e-09	9.830e+09
209.235	24.000	7.900	24.000	24.000	-2.400e+01	-2.154e-07	1.114e+08	-2.400e+01	-2.457e-09	9.768e+09
209.969	24.000	8.000	24.000	24.000	-2.400e+01	-2.069e-07	1.160e+08	-2.400e+01	-2.458e-09	9.765e+09
210.725	24.000	8.100	24.000	24.000	-2.400e+01	-1.989e-07	1.207e+08	-2.400e+01	-2.444e-09	9.821e+09
211.466	24.000	8.200	24.000	24.000	-2.400e+01	-1.902e-07	1.262e+08	-2.400e+01	-2.427e-09	9.889e+09
212.206	24.000	8.300	24.000	24.000	-2.400e+01	-1.824e-07	1.316e+08	-2.400e+01	-2.416e-09	9.935e+09
212.948	24.000	8.400	24.000	24.000	-2.400e+01	-1.739e-07	1.380e+08	-2.400e+01	-2.449e-09	9.798e+09
213.729	24.000	8.500	24.000	24.000	-2.400e+01	-1.664e-07	1.443e+08	-2.400e+01	-2.445e-09	9.815e+09
214.585	24.000	8.600	24.000	24.000	-2.400e+01	-1.580e-07	1.519e+08	-2.400e+01	-2.373e-09	1.011e+10
215.486	24.000	8.700	24.000	24.000	-2.400e+01	-1.499e-07	1.601e+08	-2.400e+01	-2.412e-09	9.948e+09
216.379	24.000	8.800	24.000	24.000	-2.400e+01	-1.428e-07	1.681e+08	-2.400e+01	-2.418e-09	9.926e+09
217.276	24.000	8.900	24.000	24.000	-2.400e+01	-1.353e-07	1.773e+08	-2.400e+01	-2.448e-09	9.803e+09
218.187	24.000	9.000	24.000	24.000	-2.400e+01	-1.276e-07	1.880e+08	-2.400e+01	-2.429e-09	9.882e+09
219.069	24.000	9.100	24.000	24.000	-2.400e+01	-1.203e-07	1.995e+08	-2.400e+01	-2.425e-09	9.899e+09
219.966	24.000	9.200	24.000	24.000	-2.400e+01	-1.132e-07	2.120e+08	-2.400e+01	-2.369e-09	1.013e+10
220.888	24.000	9.300	24.000	24.000	-2.400e+01	-1.061e-07	2.262e+08	-2.400e+01	-2.351e-09	1.021e+10
221.809	24.000	9.400	24.000	24.000	-2.400e+01	-9.883e-08	2.428e+08	-2.400e+01	-2.365e-09	1.015e+10
222.720	24.000	9.500	24.000	24.000	-2.400e+01	-9.205e-08	2.607e+08	-2.400e+01	-2.407e-09	9.972e+09
223.616	24.000	9.600	24.000	24.000	-2.400e+01	-8.382e-08	2.863e+08	-2.400e+01	-2.395e-09	1.002e+10
224.535	24.000	9.700	24.000	24.000	-2.400e+01	-7.671e-08	3.129e+08	-2.400e+01	-2.363e-09	1.016e+10
225.449	24.000	9.800	24.000	24.000	-2.400e+01	-6.875e-08	3.491e+08	-2.400e+01	-2.361e-09	1.017e+10
226.345	24.000	9.900	24.000	24.000	-2.400e+01	-6.130e-08	3.915e+08	-2.400e+01	-2.373e-09	1.011e+10
227.286	24.000	10.000	24.000	24.000	-2.400e+01	-5.426e-08	4.423e+08	-2.400e+01	-2.364e-09	1.015e+10
228.229	24.000	10.100	24.000	24.000	-2.400e+01	-4.769e-08	5.032e+08	-2.400e+01	-2.364e-09	1.015e+10
229.089	24.000	10.200	24.000	24.000	-2.400e+01	-4.167e-08	5.760e+08	-2.400e+01	-2.361e-09	1.016e+10
229.999	24.000	10.300	24.000	24.000	-2.400e+01	-3.606e-08	6.655e+08	-2.400e+01	-2.360e-09	1.017e+10
230.877	24.000	10.400	24.000	24.000	-2.400e+01	-3.099e-08	7.744e+08	-2.400e+01	-2.336e-09	1.027e+10
231.845	24.000	10.500	24.000	24.000	-2.400e+01	-2.663e-08	9.012e+08	-2.400e+01	-2.352e-09	1.021e+10
232.747	24.000	10.600	24.000	24.000	-2.400e+01	-2.275e-08	1.055e+09	-2.400e+01	-2.347e-09	1.023e+10
233.805	24.000	10.700	24.000	24.000	-2.400e+01	-1.921e-08	1.249e+09	-2.400e+01	-2.307e-09	1.040e+10
234.686	24.000	10.800	24.000	24.000	-2.400e+01	-1.624e-08	1.478e+09	-2.400e+01	-2.381e-09	1.008e+10
235.616	24.000	10.900	24.000	24.000	-2.400e+01	-1.344e-08	1.786e+09	-2.400e+01	-2.357e-09	1.018e+10
236.577	24.000	11.000	24.000	24.000	-2.400e+01	-1.103e-08	2.176e+09	-2.400e+01	-2.386e-09	1.006e+10
237.519	24.000	11.100	24.000	24.000	-2.400e+01	-9.048e-09	2.653e+09	-2.400e+01	-2.373e-09	1.011e+10
238.437	24.000	11.200	24.000	24.000	-2.400e+01	-7.441e-09	3.225e+09	-2.400e+01	-2.348e-09	1.022e+10
239.356	24.000	11.300	24.000	24.000	-2.400e+01	-5.955e-09	4.030e+09	-2.400e+01	-2.336e-09	1.027e+10
240.276	24.000	11.400	24.000	24.000	-2.400e+01	-4.830e-09	4.969e+09	-2.400e+01	-2.320e-09	1.035e+10
241.159	24.000	11.500	24.000	24.000	-2.400e+01	-3.930e-09	6.108e+09	-2.400e+01	-2.328e-09	1.031e+10
242.046	24.000	11.600	24.000	24.000	-2.400e+01	-3.127e-09	7.674e+09	-2.400e+01	-2.351e-09	1.021e+10
242.957	24.000	11.700	24.000	24.000	-2.400e+01	-2.512e-09	9.553e+09	-2.400e+01	-2.370e-09	1.013e+10
243.887	24.000	11.800	24.000	24.000	-2.400e+01	-2.002e-09	1.199e+10	-2.400e+01	-2.358e-09	1.018e+10
244.760	24.000	11.900	24.000	24.000	-2.400e+01	-1.627e-09	1.475e+10	-2.400e+01	-2.356e-09	1.019e+10
245.666	24.000	12.000	24.000	24.000	-2.400e+01	-1.317e-09	1.822e+10	-2.400e+01	-2.340e-09	1.025e+10
246.607	24.000	12.100	24.000	24.000	-2.400e+01	-1.105e-09	2.172e+10	-2.400e+01	-2.319e-09	1.035e+10
247.536	24.000	12.200	24.000	24.000	-2.400e+01	-9.084e-10	2.642e+10	-2.400e+01	-2.329e-09	1.031e+10
248.447	24.000	12.300	24.000	24.000	-2.400e+01	-6.747e-10	3.557e+10	-2.400e+01	-2.338e-09	1.026e+10
249.336	24.000	12.400	24.000	24.000	-2.400e+01	-5.748e-10	4.176e+10	-2.400e+01	-2.346e-09	1.023e+10
250.267	24.000	12.500	24.000	24.000	-2.400e+01	-4.959e-10	4.840e+10	-2.400e+01	-2.352e-09	1.020e+10
251.157	24.000	12.600	24.000	24.000	-2.400e+01	-3.469e-10	6.918e+10	-2.400e+01	-2.342e-09	1.025e+10
252.047	24.000	12.700	24.000	24.000	-2.400e+01	-3.122e-10	7.688e+10	-2.400e+01	-2.376e-09	1.010e+10
253.017	24.000	12.800	24.000	24.000	-2.400e+01	-2.993e-10	8.019e+10	-2.400e+01	-2.333e-09	1.029e+10
253.967	24.000	12.900	24.000	24.000	-2.400e+01	-2.459e-10	9.760e+10	-2.400e+01	-2.322e-09	1.033e+10
255.007	24.000	13.000	24.000	24.000	-2.400e+01	-2.032e-10	1.181e+11	-2.400e+01	-2.371e-09	1.012e+10
255.891	24.000	13.100	24.000	24.000	-2.400e+01	-1.738e-10	1.381e+11	-2.400e+01	-2.376e-09	1.010e+10
256.876	24.000	13.200	24.000	24.000	-2.400e+01	-1.444e-10	1.662e+11	-2.400e+01	-2.377e-09	1.010e+10
257.841	24.000	13.300	24.000	24.000	-2.400e+01	-1.732e-10	1.385e+11	-2.400e+01	-2.347e-09	1.023e+10
258.760	24.000	13.400	24.000	24.000	-2.400e+01	-1.527e-10	1.572e+11	-2.400e+01	-2.341e-09	1.025e+10
259.666	24.000	13.500	24.000	24.000	-2.400e+01	-9.385e-11	2.557e+11	-2.400e+01	-2.365e-09	1.015e+10
260.547	24.000	13.600	24.000	24.000	-2.400e+01	-1.179e-10	2.036e+11	-2.400e+01	-2.375e-09	1.011e+10
261.456	24.000	13.700	24.000	24.000	-2.400e+01	-1.371e-10	1.751e+11	-2.400e+01	-2.337e-09	1.027e+10
262.350	24.000	13.800	24.000	24.000	-2.400e+01	-1.247e-10	1.925e+11	-2.400e+01	-2.337e-09	1.027e+10
263.207	24.000	13.900	24.000	24.000	-2.400e+01	-1.405e-10	1.709e+11	-2.400e+01	-2.345e-09	1.023e+10
264.127	24.000	14.000	24.000	24.000	-2.400e+01	-1.341e-10	1.790e+11	-2.400e+01	-2.359e-09	1.017e+10
265.007	24.000	14.100	24.000	24.000	-2.400e+01	-1.203e-10	1.995e+11	-2.400e+01	-2.338e-09	1.027e+10
265.891	24.000	14.200	24.000	24.000	-2.400e+01	-1.212e-10	1.980e+11	-2.400e+01	-2.344e-09	1.024e+10
266.767	24.000	14.300	24.000	24.000	-2.400e+01	-3.915e-11	6.131e+11	-2.400e+01	-2.336e-09	1.027e+10
267.720	24.000	14.400	24.000	24.000	-2.400e+01	-9.796e-11	2.450e+11	-2.400e+01	-2.366e-09	1.014e+10
268.630	24.000	14.500	24.000	24.000	-2.400e+01	-1.058e-10	2.268e+11	-2.400e+01	-2.368e-09	1.014e+10
269.571	24.000	14.600	24.000	24.000	-2.400e+01	-9.173e-11	2.616e+11	-2.400e+01	-2.367e-09	1.014e+10
270.457	24.000	14.700	24.000	24.000	-2.400e+01	-8.238e-11	2.913e+11	-2.400e+01	-2.356e-09	1.019e+10
271.351	24.000	14.800	24.000	24.000	-2.400e+01	-8.454e-11	2.839e+11	-2.400e+01	-2.363e-09	1.016e+10
272.227	24.000	14.900	24.000	24.000	-2.400e+01	-7.234e-11	3.318e+11	-2.400e+01	-2.346e-09	1.023e+10
273.118	24.000	15.000	24.000	24.000	-2.400e+01	-1.204e-10	1.993e+11	-2.400e+01	-2.362e-09	1.016e+10
274.017	24.000	15.100	24.000	24.000	-2.400e+01	-1.325e-10	1.812e+11	-2.400e+01	-2.326e-09	1.032e+10
274.929	24.000	15.200	24.000	24.000	-2.400e+01	-6.681e-11	3.592e+11	-2.400e+01	-2.384e-09	1.007e+10
275.856	24.000	15.300	24.000	24.000	-2.400e+01	-1.250e-10	1.920e+11	-2.400e+01	-2.337e-09	1.027e+10
276.765	24.000	15.400	24.000	24.000	-2.400e+01	-1.203e-10	1.996e+11	-2.400e+01	-2.304e-09	1.042e+10
277.671	24.000	15.500	24.000	24.000	-2.400e+01	-1.118e-10	2.146e+11	-2.400e+01	-2.369e-09	1.013e+10
278.578	24.000	15.600	24.000	24.000	-2.400e+01	-1.025e-10	2.341e+11	-2.400e+01	-2.343e-09	1.024e+10
279.460	24.000	15.700	24.000	24.000	-2.400e+01	-9.978e-11	2.405e+11	-2.400e+01	-2.352e-09	1.020e+10
280.398	24.000	15.800	24.000	24.000	-2.400e+01	-9.839e-11	2.439e+11	-2.400e+01	-2.394e-09	1.002e+10
281.287	24.000	15.900	24.000	24.000	-2.400e+01	-1.850e-10	1.297e+11	-2.400e+01	-2.360e-09	1.017e+10
282.189	24.000	16.000	24.000	24.000	-2.400e+01	-9.941e-11	2.414e+11	-2.400e+01	-2.333e-09	1.029e+10
283.058	24.000	16.100	24.000	24.000	-2.400e+01	-1.721e-10	1.394e+11	-2.400e+01	-2.355e-09	1.019e+10
283.938	24.000	16.200	24.000	24.000	-2.400e+01	-1.095e-10	2.193e+11	-2.400e+01	-2.318e-09	1.035e+10
284.879	24.000	16.300	24.000	24.000	-2.400e+01	-8.434e-11	2.846e+11	-2.400e+01	-2.376e-09	1.010e+10
285.730	24.000	16.400	24.000	24.000	-2.400e+01	-8.466e-11	2.835e+11	-2.400e+01	-2.362e-09	1.016e+10
286.507	24.000	16.500	24.000	24.000	-2.400e+01	-1.106e-10	2.170e+11	-2.400e+01	-2.359e-09	1.017e+10
287.241	24.000	16.600	24.000	24.000	-2.400e+01	-1.123e-10	2.136e+11	-2.400e+01	-2.344e-09	1.024e+10
287.987	24.000	16.700	24.000	24.000	-2.400e+01	-1.493e-10	1.607e+11	-2.400e+01	-2.327e-09	1.031e+10
288.727	24.000	16.800	24.000	24.000	-2.400e+01	-1.230e-10	1.951e+11	-2.400e+01	-2.368e-09	1.014e+10
289.467	24.000	16.900	24.000	24.000	-2.400e+01	-1.419e-10	1.692e+11	-2.400e+01	-2.382e-09	1.007e+10
290.207	24.000	17.000	24.000	24.000	-2.400e+01	-1.317e-10	1.822e+11	-2.400e+01	-2.331e-09	1.030e+10
290.941	24.000	17.100	24.000	24.000	-2.400e+01	-1.615e-10	1.486e+11	-2.400e+01	-2.337e-09	1.027e+10
291.687	24.000	17.200	24.000	24.000	-2.400e+01	-1.265e-10	1.897e+11	-2.400e+01	-2.352e-09	1.020e+10
292.438	24.000	17.300	24.000	24.000	-2.400e+01	-1.715e-10	1.399e+11	-2.400e+01	-2.303e-09	1.042e+10
293.187	24.000	17.400	24.000	24.000	-2.400e+01	-1.529e-10	1.569e+11	-2.400e+01	-2.318e-09	1.036e+10
293.932	24.000	17.500	24.000	24.000	-2.400e+01	-1.043e-10	2.302e+11	-2.400e+01	-2.314e-09	1.037e+10
294.677	24.000	17.600	24.000	24.000	-2.400e+01	-1.524e-10	1.574e+11	-2.400e+01	-2.356e-09	1.019e+10
295.418	24.000	17.700	24.000	24.000	-2.400e+01	-1.302e-10	1.844e+11	-2.400e+01	-2.364e-09	1.015e+10
296.158	24.000	17.800	24.000	24.000	-2.400e+01	-1.636e-10	1.467e+11	-2.400e+01	-2.338e-09	1.027e+10
296.909	24.000	17.900	24.000	24.000	-2.400e+01	-1.372e-10	1.749e+11	-2.400e+01	-2.368e-09	1.014e+10
297.710	24.000	18.000	24.000	24.000	-2.400e+01	-1.409e-10	1.703e+11	-2.400e+01	-2.341e-09	1.025e+10
298.457	24.000	18.100	24.000	24.000	-2.400e+01	-1.689e-10	1.421e+11	-2.400e+01	-2.384e-09	1.007e+10
299.198	24.000	18.200	24.000	24.000	-2.400e+01	-1.266e-10	1.896e+11	-2.400e+01	-2.336e-09	1.028e+10
299.939	24.000	18.300	24.000	24.000	-2.400e+01	-1.608e-10	1.492e+11	-2.400e+01	-2.388e-09	1.005e+10
300.688	24.000	18.400	24.000	24.000	-2.400e+01	-1.905e-10	1.260e+11	-2.400e+01	-2.346e-09	1.023e+10
301.412	24.000	18.500	24.000	24.000	-2.400e+01	-1.975e-10	1.215e+11	-2.400e+01	-2.343e-09	1.024e+10
302.168	24.000	18.600	24.000	24.000	-2.400e+01	-1.655e-10	1.450e+11	-2.400e+01	-2.372e-09	1.012e+10
302.920	24.000	18.700	24.000	24.000	-2.400e+01	-1.455e-10	1.650e+11	-2.400e+01	-2.318e-09	1.035e+10
303.658	24.000	18.800	24.000	24.000	-2.400e+01	-1.671e-10	1.436e+11	-2.400e+01	-2.301e-09	1.043e+10
304.398	24.000	18.900	24.000	24.000	-2.400e+01	-1.958e-10	1.226e+11	-2.400e+01	-2.456e-09	9.774e+09
305.131	24.000	19.000	24.000	24.000	-2.400e+01	-1.938e-10	1.238e+11	-2.400e+01	-2.364e-09	1.015e+10
305.879	24.000	19.100	24.000	24.000	-2.400e+01	-1.823e-10	1.316e+11	-2.400e+01	-2.344e-09	1.024e+10
306.618	24.000	19.200	24.000	24.000	-2.400e+01	-1.711e-10	1.403e+11	-2.400e+01	-2.352e-09	1.020e+10
307.362	24.000	19.300	24.000	24.000	-2.400e+01	-1.893e-10	1.268e+11	-2.400e+01	-2.360e-09	1.017e+10
308.093	24.000	19.400	24.000	24.000	-2.400e+01	-1.975e-10	1.215e+11	-2.400e+01	-2.325e-09	1.032e+10
308.857	24.000	19.500	24.000	24.000	-2.400e+01	-1.375e-10	1.745e+11	-2.400e+01	-2.334e-09	1.028e+10
309.602	24.000	19.600	24.000	24.000	-2.400e+01	-1.785e-10	1.344e+11	-2.400e+01	-2.352e-09	1.021e+10
310.351	24.000	19.700	24.000	24.000	-2.400e+01	-1.898e-10	1.264e+11	-2.400e+01	-2.360e-09	1.017e+10
311.098	24.000	19.800	24.000	24.000	-2.400e+01	-2.066e-10	1.162e+11	-2.400e+01	-2.389e-09	1.005e+10
311.839	24.000	19.900	24.000	24.000	-2.400e+01	-1.790e-10	1.341e+11	-2.400e+01	-2.368e-09	1.013e+10
312.571	24.000	20.000	24.000	24.000	-2.400e+01	-1.705e-10	1.407e+11	-2.400e+01	-2.348e-09	1.022e+10
