time, s	APT pos, mm	APL pos, mm	APR pos, mm	APB pos, mm	TH1992B_1.VOLT1	TH1992B_1.CURR1	TH1992B_1.RES1	TH1992B_1.VOLT2	TH1992B_1.CURR2	TH1992B_1.RES2	TH2690A_1.VOLT	TH2690A_1.CURR
6.535	15.000	21.000	21.000	21.000	-2.400e+01	-1.115e-09	2.153e+10	-2.400e+01	-2.971e-07	8.079e+07	2.190e+01	-4.488e-07
7.385	14.900	21.000	21.000	21.000	-2.400e+01	-1.163e-09	2.063e+10	-2.400e+01	-3.060e-07	7.843e+07	2.190e+01	-4.489e-07
8.093	14.800	21.000	21.000	21.000	-2.400e+01	-1.205e-09	1.991e+10	-2.400e+01	-3.108e-07	7.721e+07	2.190e+01	-4.489e-07
8.804	14.700	21.000	21.000	21.000	-2.400e+01	-1.226e-09	1.958e+10	-2.400e+01	-3.138e-07	7.648e+07	2.190e+01	-4.489e-07
9.515	14.600	21.000	21.000	21.000	-2.400e+01	-1.288e-09	1.864e+10	-2.400e+01	-3.151e-07	7.617e+07	2.190e+01	-4.489e-07
10.223	14.500	21.000	21.000	21.000	-2.400e+01	-1.337e-09	1.795e+10	-2.400e+01	-3.157e-07	7.603e+07	2.190e+01	-4.488e-07
10.934	14.400	21.000	21.000	21.000	-2.400e+01	-1.353e-09	1.773e+10	-2.400e+01	-3.163e-07	7.588e+07	2.190e+01	-4.488e-07
11.653	14.300	21.000	21.000	21.000	-2.400e+01	-1.319e-09	1.819e+10	-2.400e+01	-3.175e-07	7.558e+07	2.190e+01	-4.488e-07
12.385	14.200	21.000	21.000	21.000	-2.400e+01	-1.388e-09	1.729e+10	-2.400e+01	-3.201e-07	7.497e+07	2.190e+01	-4.487e-07
13.103	14.100	21.000	21.000	21.000	-2.400e+01	-1.438e-09	1.668e+10	-2.400e+01	-3.239e-07	7.409e+07	2.190e+01	-4.487e-07
13.814	14.000	21.000	21.000	21.000	-2.400e+01	-1.450e-09	1.655e+10	-2.400e+01	-3.287e-07	7.301e+07	2.190e+01	-4.486e-07
14.546	13.900	21.000	21.000	21.000	-2.400e+01	-1.500e-09	1.600e+10	-2.400e+01	-3.347e-07	7.171e+07	2.190e+01	-4.486e-07
15.274	13.800	21.000	21.000	21.000	-2.400e+01	-1.577e-09	1.522e+10	-2.400e+01	-3.410e-07	7.037e+07	2.190e+01	-4.485e-07
16.004	13.700	21.000	21.000	21.000	-2.400e+01	-1.580e-09	1.519e+10	-2.400e+01	-3.477e-07	6.902e+07	2.190e+01	-4.485e-07
16.743	13.600	21.000	21.000	21.000	-2.400e+01	-1.610e-09	1.491e+10	-2.400e+01	-3.547e-07	6.767e+07	2.190e+01	-4.485e-07
17.504	13.500	21.000	21.000	21.000	-2.400e+01	-1.671e-09	1.436e+10	-2.400e+01	-3.618e-07	6.634e+07	2.190e+01	-4.485e-07
18.301	13.400	21.000	21.000	21.000	-2.400e+01	-1.722e-09	1.394e+10	-2.400e+01	-3.688e-07	6.507e+07	2.190e+01	-4.484e-07
19.028	13.300	21.000	21.000	21.000	-2.400e+01	-1.738e-09	1.381e+10	-2.400e+01	-3.756e-07	6.390e+07	2.190e+01	-4.484e-07
19.774	13.200	21.000	21.000	21.000	-2.400e+01	-1.761e-09	1.363e+10	-2.400e+01	-3.823e-07	6.278e+07	2.190e+01	-4.484e-07
20.515	13.100	21.000	21.000	21.000	-2.400e+01	-1.820e-09	1.319e+10	-2.400e+01	-3.887e-07	6.174e+07	2.190e+01	-4.483e-07
21.254	13.000	21.000	21.000	21.000	-2.400e+01	-1.877e-09	1.278e+10	-2.400e+01	-3.955e-07	6.068e+07	2.190e+01	-4.483e-07
21.994	12.900	21.000	21.000	21.000	-2.400e+01	-1.922e-09	1.249e+10	-2.400e+01	-4.024e-07	5.965e+07	2.190e+01	-4.482e-07
22.734	12.800	21.000	21.000	21.000	-2.400e+01	-1.973e-09	1.216e+10	-2.400e+01	-4.092e-07	5.865e+07	2.190e+01	-4.482e-07
23.484	12.700	21.000	21.000	21.000	-2.400e+01	-2.065e-09	1.162e+10	-2.400e+01	-4.156e-07	5.774e+07	2.190e+01	-4.481e-07
24.224	12.600	21.000	21.000	21.000	-2.400e+01	-2.106e-09	1.139e+10	-2.400e+01	-4.236e-07	5.666e+07	2.190e+01	-4.481e-07
24.965	12.500	21.000	21.000	21.000	-2.400e+01	-2.169e-09	1.106e+10	-2.400e+01	-4.309e-07	5.569e+07	2.190e+01	-4.480e-07
25.704	12.400	21.000	21.000	21.000	-2.400e+01	-2.219e-09	1.082e+10	-2.400e+01	-4.386e-07	5.472e+07	2.190e+01	-4.480e-07
26.444	12.300	21.000	21.000	21.000	-2.400e+01	-2.317e-09	1.036e+10	-2.400e+01	-4.460e-07	5.381e+07	2.190e+01	-4.479e-07
27.164	12.200	21.000	21.000	21.000	-2.400e+01	-2.323e-09	1.033e+10	-2.400e+01	-4.540e-07	5.286e+07	2.190e+01	-4.479e-07
27.904	12.100	21.000	21.000	21.000	-2.400e+01	-2.445e-09	9.817e+09	-2.400e+01	-4.618e-07	5.198e+07	2.190e+01	-4.479e-07
28.645	12.000	21.000	21.000	21.000	-2.400e+01	-2.529e-09	9.489e+09	-2.400e+01	-4.700e-07	5.106e+07	2.190e+01	-4.478e-07
29.395	11.900	21.000	21.000	21.000	-2.400e+01	-2.567e-09	9.349e+09	-2.400e+01	-4.784e-07	5.017e+07	2.190e+01	-4.478e-07
30.135	11.800	21.000	21.000	21.000	-2.400e+01	-2.655e-09	9.040e+09	-2.400e+01	-4.865e-07	4.933e+07	2.190e+01	-4.477e-07
30.878	11.700	21.000	21.000	21.000	-2.400e+01	-2.745e-09	8.744e+09	-2.400e+01	-4.951e-07	4.848e+07	2.190e+01	-4.476e-07
31.628	11.600	21.000	21.000	21.000	-2.400e+01	-2.782e-09	8.626e+09	-2.400e+01	-5.036e-07	4.766e+07	2.190e+01	-4.476e-07
32.385	11.500	21.000	21.000	21.000	-2.400e+01	-2.903e-09	8.266e+09	-2.400e+01	-5.124e-07	4.684e+07	2.190e+01	-4.475e-07
33.294	11.400	21.000	21.000	21.000	-2.400e+01	-3.029e-09	7.924e+09	-2.400e+01	-5.210e-07	4.607e+07	2.190e+01	-4.475e-07
34.035	11.300	21.000	21.000	21.000	-2.400e+01	-3.133e-09	7.661e+09	-2.400e+01	-5.302e-07	4.526e+07	2.190e+01	-4.475e-07
34.774	11.200	21.000	21.000	21.000	-2.400e+01	-3.236e-09	7.416e+09	-2.400e+01	-5.395e-07	4.448e+07	2.190e+01	-4.474e-07
35.516	11.100	21.000	21.000	21.000	-2.400e+01	-3.349e-09	7.166e+09	-2.400e+01	-5.487e-07	4.374e+07	2.190e+01	-4.473e-07
36.254	11.000	21.000	21.000	21.000	-2.400e+01	-3.479e-09	6.899e+09	-2.400e+01	-5.583e-07	4.299e+07	2.190e+01	-4.473e-07
36.999	10.900	21.000	21.000	21.000	-2.400e+01	-3.602e-09	6.663e+09	-2.400e+01	-5.675e-07	4.229e+07	2.190e+01	-4.472e-07
37.748	10.800	21.000	21.000	21.000	-2.400e+01	-3.780e-09	6.349e+09	-2.400e+01	-5.770e-07	4.159e+07	2.190e+01	-4.471e-07
38.504	10.700	21.000	21.000	21.000	-2.400e+01	-3.929e-09	6.109e+09	-2.400e+01	-5.874e-07	4.086e+07	2.190e+01	-4.471e-07
39.245	10.600	21.000	21.000	21.000	-2.400e+01	-4.147e-09	5.787e+09	-2.400e+01	-5.977e-07	4.015e+07	2.190e+01	-4.471e-07
39.984	10.500	21.000	21.000	21.000	-2.400e+01	-4.270e-09	5.621e+09	-2.400e+01	-6.081e-07	3.947e+07	2.190e+01	-4.470e-07
40.725	10.400	21.000	21.000	21.000	-2.400e+01	-4.561e-09	5.262e+09	-2.400e+01	-6.190e-07	3.877e+07	2.190e+01	-4.469e-07
41.494	10.300	21.000	21.000	21.000	-2.400e+01	-4.784e-09	5.017e+09	-2.400e+01	-6.301e-07	3.809e+07	2.190e+01	-4.469e-07
42.235	10.200	21.000	21.000	21.000	-2.400e+01	-5.053e-09	4.750e+09	-2.400e+01	-6.409e-07	3.745e+07	2.190e+01	-4.468e-07
42.955	10.100	21.000	21.000	21.000	-2.400e+01	-5.273e-09	4.552e+09	-2.400e+01	-6.522e-07	3.680e+07	2.190e+01	-4.467e-07
43.694	10.000	21.000	21.000	21.000	-2.400e+01	-5.590e-09	4.294e+09	-2.400e+01	-6.636e-07	3.617e+07	2.190e+01	-4.467e-07
44.416	9.900	21.000	21.000	21.000	-2.400e+01	-5.872e-09	4.087e+09	-2.400e+01	-6.759e-07	3.551e+07	2.190e+01	-4.466e-07
45.155	9.800	21.000	21.000	21.000	-2.400e+01	-6.167e-09	3.892e+09	-2.400e+01	-6.879e-07	3.489e+07	2.190e+01	-4.465e-07
45.999	9.700	21.000	21.000	21.000	-2.400e+01	-6.487e-09	3.700e+09	-2.400e+01	-7.005e-07	3.426e+07	2.190e+01	-4.465e-07
46.748	9.600	21.000	21.000	21.000	-2.400e+01	-6.742e-09	3.560e+09	-2.400e+01	-7.124e-07	3.369e+07	2.190e+01	-4.464e-07
47.514	9.500	21.000	21.000	21.000	-2.400e+01	-7.039e-09	3.409e+09	-2.400e+01	-7.234e-07	3.317e+07	2.190e+01	-4.463e-07
48.307	9.400	21.000	21.000	21.000	-2.400e+01	-7.333e-09	3.273e+09	-2.400e+01	-7.354e-07	3.264e+07	2.190e+01	-4.463e-07
49.045	9.300	21.000	21.000	21.000	-2.400e+01	-7.678e-09	3.126e+09	-2.400e+01	-7.470e-07	3.213e+07	2.190e+01	-4.462e-07
49.785	9.200	21.000	21.000	21.000	-2.400e+01	-7.888e-09	3.043e+09	-2.400e+01	-7.588e-07	3.163e+07	2.190e+01	-4.461e-07
50.526	9.100	21.000	21.000	21.000	-2.400e+01	-8.244e-09	2.911e+09	-2.400e+01	-7.707e-07	3.114e+07	2.190e+01	-4.460e-07
51.265	9.000	21.000	21.000	21.000	-2.400e+01	-8.569e-09	2.801e+09	-2.400e+01	-7.822e-07	3.068e+07	2.190e+01	-4.459e-07
52.005	8.900	21.000	21.000	21.000	-2.400e+01	-8.865e-09	2.707e+09	-2.400e+01	-7.937e-07	3.024e+07	2.190e+01	-4.459e-07
52.745	8.800	21.000	21.000	21.000	-2.400e+01	-9.208e-09	2.606e+09	-2.400e+01	-8.059e-07	2.978e+07	2.190e+01	-4.458e-07
53.504	8.700	21.000	21.000	21.000	-2.400e+01	-9.552e-09	2.512e+09	-2.400e+01	-8.179e-07	2.934e+07	2.190e+01	-4.457e-07
54.245	8.600	21.000	21.000	21.000	-2.400e+01	-9.893e-09	2.426e+09	-2.400e+01	-8.302e-07	2.891e+07	2.190e+01	-4.456e-07
54.985	8.500	21.000	21.000	21.000	-2.400e+01	-1.023e-08	2.345e+09	-2.400e+01	-8.420e-07	2.850e+07	2.190e+01	-4.455e-07
55.725	8.400	21.000	21.000	21.000	-2.400e+01	-1.059e-08	2.265e+09	-2.400e+01	-8.542e-07	2.810e+07	2.190e+01	-4.455e-07
56.485	8.300	21.000	21.000	21.000	-2.400e+01	-1.095e-08	2.191e+09	-2.400e+01	-8.669e-07	2.769e+07	2.190e+01	-4.453e-07
57.225	8.200	21.000	21.000	21.000	-2.400e+01	-1.132e-08	2.121e+09	-2.400e+01	-8.789e-07	2.731e+07	2.190e+01	-4.452e-07
57.965	8.100	21.000	21.000	21.000	-2.400e+01	-1.167e-08	2.056e+09	-2.400e+01	-8.909e-07	2.694e+07	2.190e+01	-4.451e-07
58.705	8.000	21.000	21.000	21.000	-2.400e+01	-1.206e-08	1.990e+09	-2.400e+01	-9.040e-07	2.655e+07	2.190e+01	-4.450e-07
59.466	7.900	21.000	21.000	21.000	-2.400e+01	-1.242e-08	1.932e+09	-2.400e+01	-9.167e-07	2.618e+07	2.190e+01	-4.449e-07
60.205	7.800	21.000	21.000	21.000	-2.400e+01	-1.280e-08	1.875e+09	-2.400e+01	-9.288e-07	2.584e+07	2.190e+01	-4.448e-07
60.945	7.700	21.000	21.000	21.000	-2.400e+01	-1.324e-08	1.813e+09	-2.400e+01	-9.417e-07	2.549e+07	2.190e+01	-4.447e-07
61.695	7.600	21.000	21.000	21.000	-2.400e+01	-1.367e-08	1.756e+09	-2.400e+01	-9.544e-07	2.515e+07	2.190e+01	-4.446e-07
62.416	7.500	21.000	21.000	21.000	-2.400e+01	-1.406e-08	1.707e+09	-2.400e+01	-9.681e-07	2.479e+07	2.190e+01	-4.445e-07
63.155	7.400	21.000	21.000	21.000	-2.400e+01	-1.445e-08	1.661e+09	-2.400e+01	-9.802e-07	2.449e+07	2.190e+01	-4.444e-07
63.885	7.300	21.000	21.000	21.000	-2.400e+01	-1.493e-08	1.608e+09	-2.400e+01	-9.934e-07	2.416e+07	2.190e+01	-4.443e-07
64.625	7.200	21.000	21.000	21.000	-2.400e+01	-1.529e-08	1.569e+09	-2.400e+01	-1.005e-06	2.389e+07	2.190e+01	-4.442e-07
65.365	7.100	21.000	21.000	21.000	-2.400e+01	-1.578e-08	1.520e+09	-2.400e+01	-1.018e-06	2.357e+07	2.190e+01	-4.441e-07
66.105	7.000	21.000	21.000	21.000	-2.400e+01	-1.619e-08	1.482e+09	-2.400e+01	-1.033e-06	2.323e+07	2.190e+01	-4.439e-07
66.845	6.900	21.000	21.000	21.000	-2.400e+01	-1.671e-08	1.437e+09	-2.400e+01	-1.049e-06	2.288e+07	2.190e+01	-4.438e-07
67.586	6.800	21.000	21.000	21.000	-2.400e+01	-1.709e-08	1.405e+09	-2.400e+01	-1.065e-06	2.253e+07	2.190e+01	-4.437e-07
68.325	6.700	21.000	21.000	21.000	-2.400e+01	-1.759e-08	1.364e+09	-2.400e+01	-1.082e-06	2.219e+07	2.190e+01	-4.436e-07
69.065	6.600	21.000	21.000	21.000	-2.400e+01	-1.809e-08	1.327e+09	-2.400e+01	-1.099e-06	2.184e+07	2.190e+01	-4.435e-07
69.805	6.500	21.000	21.000	21.000	-2.400e+01	-1.847e-08	1.299e+09	-2.400e+01	-1.115e-06	2.153e+07	2.190e+01	-4.434e-07
70.557	6.400	21.000	21.000	21.000	-2.400e+01	-1.893e-08	1.268e+09	-2.400e+01	-1.131e-06	2.122e+07	2.190e+01	-4.432e-07
71.299	6.300	21.000	21.000	21.000	-2.400e+01	-1.943e-08	1.235e+09	-2.400e+01	-1.147e-06	2.092e+07	2.190e+01	-4.430e-07
72.040	6.200	21.000	21.000	21.000	-2.400e+01	-1.990e-08	1.206e+09	-2.400e+01	-1.165e-06	2.059e+07	2.190e+01	-4.429e-07
72.785	6.100	21.000	21.000	21.000	-2.400e+01	-2.034e-08	1.180e+09	-2.400e+01	-1.183e-06	2.028e+07	2.190e+01	-4.428e-07
73.527	6.000	21.000	21.000	21.000	-2.400e+01	-2.087e-08	1.150e+09	-2.400e+01	-1.201e-06	1.999e+07	2.190e+01	-4.426e-07
74.265	5.900	21.000	21.000	21.000	-2.400e+01	-2.129e-08	1.127e+09	-2.400e+01	-1.219e-06	1.968e+07	2.190e+01	-4.425e-07
75.005	5.800	21.000	21.000	21.000	-2.400e+01	-2.179e-08	1.101e+09	-2.400e+01	-1.238e-06	1.938e+07	2.190e+01	-4.423e-07
75.746	5.700	21.000	21.000	21.000	-2.400e+01	-2.231e-08	1.076e+09	-2.400e+01	-1.258e-06	1.908e+07	2.190e+01	-4.421e-07
76.505	5.600	21.000	21.000	21.000	-2.400e+01	-2.284e-08	1.051e+09	-2.400e+01	-1.278e-06	1.879e+07	2.190e+01	-4.419e-07
77.250	5.500	21.000	21.000	21.000	-2.400e+01	-2.327e-08	1.031e+09	-2.400e+01	-1.295e-06	1.853e+07	2.190e+01	-4.417e-07
77.989	5.400	21.000	21.000	21.000	-2.400e+01	-2.386e-08	1.006e+09	-2.400e+01	-1.315e-06	1.824e+07	2.190e+01	-4.415e-07
78.788	5.300	21.000	21.000	21.000	-2.400e+01	-2.433e-08	9.863e+08	-2.400e+01	-1.334e-06	1.799e+07	2.190e+01	-4.413e-07
79.526	5.200	21.000	21.000	21.000	-2.400e+01	-2.489e-08	9.642e+08	-2.400e+01	-1.355e-06	1.771e+07	2.190e+01	-4.411e-07
80.265	5.100	21.000	21.000	21.000	-2.400e+01	-2.542e-08	9.442e+08	-2.400e+01	-1.377e-06	1.743e+07	2.190e+01	-4.408e-07
80.987	5.000	21.000	21.000	21.000	-2.400e+01	-2.598e-08	9.236e+08	-2.400e+01	-1.399e-06	1.716e+07	2.190e+01	-4.406e-07
81.715	4.900	21.000	21.000	21.000	-2.400e+01	-2.648e-08	9.064e+08	-2.400e+01	-1.420e-06	1.690e+07	2.190e+01	-4.403e-07
82.445	4.800	21.000	21.000	21.000	-2.400e+01	-2.705e-08	8.873e+08	-2.400e+01	-1.442e-06	1.664e+07	2.190e+01	-4.400e-07
83.325	4.700	21.000	21.000	21.000	-2.400e+01	-2.767e-08	8.674e+08	-2.400e+01	-1.467e-06	1.636e+07	2.190e+01	-4.396e-07
84.316	4.600	21.000	21.000	21.000	-2.400e+01	-2.818e-08	8.516e+08	-2.400e+01	-1.489e-06	1.612e+07	2.190e+01	-4.392e-07
85.055	4.500	21.000	21.000	21.000	-2.400e+01	-2.875e-08	8.348e+08	-2.400e+01	-1.511e-06	1.589e+07	2.190e+01	-4.389e-07
85.786	4.400	21.000	21.000	21.000	-2.400e+01	-2.934e-08	8.179e+08	-2.400e+01	-1.534e-06	1.564e+07	2.190e+01	-4.386e-07
86.526	4.300	21.000	21.000	21.000	-2.400e+01	-2.993e-08	8.020e+08	-2.400e+01	-1.560e-06	1.538e+07	2.190e+01	-4.381e-07
87.256	4.200	21.000	21.000	21.000	-2.400e+01	-3.056e-08	7.853e+08	-2.400e+01	-1.587e-06	1.512e+07	2.190e+01	-4.377e-07
87.996	4.100	21.000	21.000	21.000	-2.400e+01	-3.109e-08	7.719e+08	-2.400e+01	-1.613e-06	1.488e+07	2.190e+01	-4.363e-07
88.736	4.000	21.000	21.000	21.000	-2.400e+01	-3.175e-08	7.560e+08	-2.400e+01	-1.640e-06	1.463e+07	2.190e+01	-4.361e-07
89.496	3.900	21.000	21.000	21.000	-2.400e+01	-3.232e-08	7.425e+08	-2.400e+01	-1.665e-06	1.442e+07	2.190e+01	-4.358e-07
90.235	3.800	21.000	21.000	21.000	-2.400e+01	-3.290e-08	7.294e+08	-2.400e+01	-1.695e-06	1.416e+07	2.190e+01	-4.344e-07
90.976	3.700	21.000	21.000	21.000	-2.400e+01	-3.355e-08	7.153e+08	-2.400e+01	-1.722e-06	1.394e+07	2.190e+01	-4.342e-07
91.715	3.600	21.000	21.000	21.000	-2.400e+01	-3.422e-08	7.013e+08	-2.400e+01	-1.753e-06	1.369e+07	2.190e+01	-4.339e-07
92.455	3.500	21.000	21.000	21.000	-2.400e+01	-3.482e-08	6.893e+08	-2.400e+01	-1.780e-06	1.348e+07	2.190e+01	-4.326e-07
93.276	3.400	21.000	21.000	21.000	-2.400e+01	-3.543e-08	6.774e+08	-2.400e+01	-1.810e-06	1.326e+07	2.190e+01	-4.309e-07
94.016	3.300	21.000	21.000	21.000	-2.400e+01	-3.608e-08	6.652e+08	-2.400e+01	-1.840e-06	1.304e+07	2.190e+01	-4.305e-07
94.756	3.200	21.000	21.000	21.000	-2.400e+01	-3.670e-08	6.539e+08	-2.400e+01	-1.870e-06	1.284e+07	2.190e+01	-4.288e-07
95.515	3.100	21.000	21.000	21.000	-2.400e+01	-3.742e-08	6.414e+08	-2.400e+01	-1.902e-06	1.262e+07	2.190e+01	-4.276e-07
96.256	3.000	21.000	21.000	21.000	-2.400e+01	-3.803e-08	6.311e+08	-2.400e+01	-1.932e-06	1.242e+07	2.190e+01	-4.271e-07
97.005	2.900	21.000	21.000	21.000	-2.400e+01	-3.868e-08	6.204e+08	-2.400e+01	-1.963e-06	1.223e+07	2.190e+01	-4.258e-07
97.746	2.800	21.000	21.000	21.000	-2.400e+01	-3.935e-08	6.099e+08	-2.400e+01	-1.993e-06	1.204e+07	2.190e+01	-4.230e-07
98.510	2.700	21.000	21.000	21.000	-2.400e+01	-3.999e-08	6.001e+08	-2.400e+01	-2.024e-06	1.186e+07	2.190e+01	-4.212e-07
99.340	2.600	21.000	21.000	21.000	-2.400e+01	-4.072e-08	5.894e+08	-2.400e+01	-2.056e-06	1.167e+07	2.190e+01	-4.196e-07
100.080	2.500	21.000	21.000	21.000	-2.400e+01	-4.137e-08	5.801e+08	-2.400e+01	-2.090e-06	1.148e+07	2.190e+01	-4.183e-07
100.820	2.400	21.000	21.000	21.000	-2.400e+01	-4.203e-08	5.710e+08	-2.400e+01	-2.121e-06	1.131e+07	2.190e+01	-4.165e-07
101.558	2.300	21.000	21.000	21.000	-2.400e+01	-4.279e-08	5.609e+08	-2.400e+01	-2.154e-06	1.114e+07	2.190e+01	-4.133e-07
102.296	2.200	21.000	21.000	21.000	-2.400e+01	-4.346e-08	5.522e+08	-2.400e+01	-2.187e-06	1.097e+07	2.190e+01	-4.108e-07
103.026	2.100	21.000	21.000	21.000	-2.400e+01	-4.413e-08	5.438e+08	-2.400e+01	-2.217e-06	1.083e+07	2.190e+01	-4.083e-07
103.767	2.000	21.000	21.000	21.000	-2.400e+01	-4.482e-08	5.355e+08	-2.400e+01	-2.252e-06	1.066e+07	2.190e+01	-4.058e-07
104.517	1.900	21.000	21.000	21.000	-2.400e+01	-4.555e-08	5.269e+08	-2.400e+01	-2.288e-06	1.049e+07	2.190e+01	-4.029e-07
105.257	1.800	21.000	21.000	21.000	-2.400e+01	-4.630e-08	5.184e+08	-2.400e+01	-2.321e-06	1.034e+07	2.190e+01	-4.003e-07
106.016	1.700	21.000	21.000	21.000	-2.400e+01	-4.702e-08	5.105e+08	-2.400e+01	-2.352e-06	1.020e+07	2.190e+01	-3.976e-07
106.766	1.600	21.000	21.000	21.000	-2.400e+01	-4.770e-08	5.032e+08	-2.400e+01	-2.385e-06	1.006e+07	2.190e+01	-3.950e-07
107.517	1.500	21.000	21.000	21.000	-2.400e+01	-4.840e-08	4.958e+08	-2.400e+01	-2.417e-06	9.928e+06	2.190e+01	-3.898e-07
108.309	1.400	21.000	21.000	21.000	-2.400e+01	-4.910e-08	4.888e+08	-2.400e+01	-2.448e-06	9.803e+06	2.190e+01	-3.863e-07
109.047	1.300	21.000	21.000	21.000	-2.400e+01	-4.990e-08	4.810e+08	-2.400e+01	-2.482e-06	9.670e+06	2.190e+01	-3.830e-07
109.786	1.200	21.000	21.000	21.000	-2.400e+01	-5.055e-08	4.748e+08	-2.400e+01	-2.510e-06	9.563e+06	2.190e+01	-3.792e-07
110.528	1.100	21.000	21.000	21.000	-2.400e+01	-5.134e-08	4.675e+08	-2.400e+01	-2.543e-06	9.439e+06	2.190e+01	-3.753e-07
111.267	1.000	21.000	21.000	21.000	-2.400e+01	-5.210e-08	4.607e+08	-2.400e+01	-2.570e-06	9.338e+06	2.190e+01	-3.715e-07
112.006	0.900	21.000	21.000	21.000	-2.400e+01	-5.286e-08	4.541e+08	-2.400e+01	-2.596e-06	9.244e+06	2.190e+01	-3.672e-07
112.736	0.800	21.000	21.000	21.000	-2.400e+01	-5.361e-08	4.477e+08	-2.400e+01	-2.621e-06	9.155e+06	2.190e+01	-3.632e-07
113.496	0.700	21.000	21.000	21.000	-2.400e+01	-5.436e-08	4.415e+08	-2.400e+01	-2.648e-06	9.063e+06	2.190e+01	-3.586e-07
114.267	0.600	21.000	21.000	21.000	-2.400e+01	-5.518e-08	4.349e+08	-2.400e+01	-2.671e-06	8.986e+06	2.190e+01	-3.508e-07
115.006	0.500	21.000	21.000	21.000	-2.400e+01	-5.590e-08	4.293e+08	-2.400e+01	-2.692e-06	8.914e+06	2.190e+01	-3.463e-07
115.847	0.400	21.000	21.000	21.000	-2.400e+01	-5.672e-08	4.231e+08	-2.400e+01	-2.713e-06	8.845e+06	2.190e+01	-3.414e-07
116.588	0.300	21.000	21.000	21.000	-2.400e+01	-5.748e-08	4.176e+08	-2.400e+01	-2.735e-06	8.776e+06	2.190e+01	-3.349e-07
117.327	0.200	21.000	21.000	21.000	-2.400e+01	-5.827e-08	4.119e+08	-2.400e+01	-2.754e-06	8.714e+06	2.190e+01	-3.295e-07
118.071	0.100	21.000	21.000	21.000	-2.400e+01	-5.905e-08	4.064e+08	-2.400e+01	-2.771e-06	8.662e+06	2.190e+01	-3.240e-07
118.820	0.000	21.000	21.000	21.000	-2.400e+01	-5.988e-08	4.008e+08	-2.400e+01	-2.787e-06	8.610e+06	2.190e+01	-3.185e-07
119.568	-0.100	21.000	21.000	21.000	-2.400e+01	-6.068e-08	3.955e+08	-2.400e+01	-2.804e-06	8.560e+06	2.190e+01	-3.136e-07
120.306	-0.200	21.000	21.000	21.000	-2.400e+01	-6.154e-08	3.900e+08	-2.400e+01	-2.819e-06	8.515e+06	2.190e+01	-3.083e-07
121.167	-0.300	21.000	21.000	21.000	-2.400e+01	-6.230e-08	3.852e+08	-2.400e+01	-2.829e-06	8.483e+06	2.190e+01	-2.998e-07
122.026	-0.400	21.000	21.000	21.000	-2.400e+01	-6.307e-08	3.805e+08	-2.400e+01	-2.840e-06	8.450e+06	2.190e+01	-2.947e-07
122.767	-0.500	21.000	21.000	21.000	-2.400e+01	-6.391e-08	3.755e+08	-2.400e+01	-2.849e-06	8.425e+06	2.190e+01	-2.917e-07
123.518	-0.600	21.000	21.000	21.000	-2.400e+01	-6.476e-08	3.706e+08	-2.400e+01	-2.855e-06	8.405e+06	2.190e+01	-2.818e-07
124.257	-0.700	21.000	21.000	21.000	-2.400e+01	-6.558e-08	3.660e+08	-2.400e+01	-2.861e-06	8.389e+06	2.190e+01	-2.757e-07
124.996	-0.800	21.000	21.000	21.000	-2.400e+01	-6.642e-08	3.614e+08	-2.400e+01	-2.865e-06	8.376e+06	2.190e+01	-2.699e-07
125.737	-0.900	21.000	21.000	21.000	-2.400e+01	-6.723e-08	3.570e+08	-2.400e+01	-2.870e-06	8.363e+06	2.190e+01	-2.637e-07
126.497	-1.000	21.000	21.000	21.000	-2.400e+01	-6.809e-08	3.525e+08	-2.400e+01	-2.873e-06	8.353e+06	2.190e+01	-2.579e-07
127.237	-1.100	21.000	21.000	21.000	-2.400e+01	-6.898e-08	3.479e+08	-2.400e+01	-2.875e-06	8.349e+06	2.190e+01	-2.527e-07
127.957	-1.200	21.000	21.000	21.000	-2.400e+01	-6.974e-08	3.441e+08	-2.400e+01	-2.874e-06	8.349e+06	2.190e+01	-2.470e-07
128.696	-1.300	21.000	21.000	21.000	-2.400e+01	-7.055e-08	3.402e+08	-2.400e+01	-2.871e-06	8.358e+06	2.190e+01	-2.408e-07
129.456	-1.400	21.000	21.000	21.000	-2.400e+01	-7.146e-08	3.358e+08	-2.400e+01	-2.866e-06	8.374e+06	2.190e+01	-2.352e-07
130.197	-1.500	21.000	21.000	21.000	-2.400e+01	-7.233e-08	3.318e+08	-2.400e+01	-2.859e-06	8.394e+06	2.190e+01	-2.253e-07
130.937	-1.600	21.000	21.000	21.000	-2.400e+01	-7.321e-08	3.278e+08	-2.400e+01	-2.851e-06	8.417e+06	2.190e+01	-2.194e-07
131.677	-1.700	21.000	21.000	21.000	-2.400e+01	-7.408e-08	3.240e+08	-2.400e+01	-2.841e-06	8.446e+06	2.190e+01	-2.137e-07
132.417	-1.800	21.000	21.000	21.000	-2.400e+01	-7.491e-08	3.204e+08	-2.400e+01	-2.832e-06	8.476e+06	2.190e+01	-2.080e-07
133.161	-1.900	21.000	21.000	21.000	-2.400e+01	-7.578e-08	3.167e+08	-2.400e+01	-2.820e-06	8.511e+06	2.190e+01	-2.024e-07
133.911	-2.000	21.000	21.000	21.000	-2.400e+01	-7.670e-08	3.129e+08	-2.400e+01	-2.808e-06	8.548e+06	2.190e+01	-1.974e-07
134.661	-2.100	21.000	21.000	21.000	-2.400e+01	-7.760e-08	3.093e+08	-2.400e+01	-2.793e-06	8.593e+06	2.190e+01	-1.924e-07
135.411	-2.200	21.000	21.000	21.000	-2.400e+01	-7.845e-08	3.059e+08	-2.400e+01	-2.777e-06	8.642e+06	2.190e+01	-1.837e-07
136.317	-2.300	21.000	21.000	21.000	-2.400e+01	-7.925e-08	3.028e+08	-2.400e+01	-2.761e-06	8.691e+06	2.190e+01	-1.784e-07
137.057	-2.400	21.000	21.000	21.000	-2.400e+01	-8.018e-08	2.993e+08	-2.400e+01	-2.743e-06	8.748e+06	2.190e+01	-1.763e-07
137.797	-2.500	21.000	21.000	21.000	-2.400e+01	-8.104e-08	2.962e+08	-2.400e+01	-2.725e-06	8.808e+06	2.190e+01	-1.679e-07
138.592	-2.600	21.000	21.000	21.000	-2.400e+01	-8.191e-08	2.930e+08	-2.400e+01	-2.704e-06	8.877e+06	2.190e+01	-1.630e-07
139.337	-2.700	21.000	21.000	21.000	-2.400e+01	-8.287e-08	2.896e+08	-2.400e+01	-2.681e-06	8.953e+06	2.190e+01	-1.588e-07
140.077	-2.800	21.000	21.000	21.000	-2.400e+01	-8.375e-08	2.866e+08	-2.400e+01	-2.657e-06	9.034e+06	2.190e+01	-1.541e-07
140.817	-2.900	21.000	21.000	21.000	-2.400e+01	-8.460e-08	2.837e+08	-2.400e+01	-2.633e-06	9.115e+06	2.190e+01	-1.500e-07
141.558	-3.000	21.000	21.000	21.000	-2.400e+01	-8.554e-08	2.806e+08	-2.400e+01	-2.606e-06	9.209e+06	2.190e+01	-1.459e-07
142.307	-3.100	21.000	21.000	21.000	-2.400e+01	-8.640e-08	2.778e+08	-2.400e+01	-2.582e-06	9.295e+06	2.190e+01	-1.417e-07
143.057	-3.200	21.000	21.000	21.000	-2.400e+01	-8.729e-08	2.749e+08	-2.400e+01	-2.555e-06	9.393e+06	2.190e+01	-1.351e-07
143.827	-3.300	21.000	21.000	21.000	-2.400e+01	-8.811e-08	2.724e+08	-2.400e+01	-2.531e-06	9.481e+06	2.190e+01	-1.312e-07
144.568	-3.400	21.000	21.000	21.000	-2.400e+01	-8.904e-08	2.695e+08	-2.400e+01	-2.500e-06	9.599e+06	2.190e+01	-1.277e-07
145.317	-3.500	21.000	21.000	21.000	-2.400e+01	-8.995e-08	2.668e+08	-2.400e+01	-2.474e-06	9.702e+06	2.190e+01	-1.243e-07
146.127	-3.600	21.000	21.000	21.000	-2.400e+01	-9.077e-08	2.644e+08	-2.400e+01	-2.446e-06	9.810e+06	2.190e+01	-1.199e-07
146.867	-3.700	21.000	21.000	21.000	-2.400e+01	-9.171e-08	2.617e+08	-2.400e+01	-2.416e-06	9.935e+06	2.190e+01	-1.165e-07
147.618	-3.800	21.000	21.000	21.000	-2.400e+01	-9.256e-08	2.593e+08	-2.400e+01	-2.388e-06	1.005e+07	2.190e+01	-1.133e-07
148.357	-3.900	21.000	21.000	21.000	-2.400e+01	-9.343e-08	2.569e+08	-2.400e+01	-2.358e-06	1.018e+07	2.190e+01	-1.105e-07
149.098	-4.000	21.000	21.000	21.000	-2.400e+01	-9.438e-08	2.543e+08	-2.400e+01	-2.326e-06	1.032e+07	2.190e+01	-1.076e-07
149.837	-4.100	21.000	21.000	21.000	-2.400e+01	-9.527e-08	2.519e+08	-2.400e+01	-2.295e-06	1.046e+07	2.190e+01	-1.051e-07
150.579	-4.200	21.000	21.000	21.000	-2.400e+01	-9.609e-08	2.498e+08	-2.400e+01	-2.267e-06	1.059e+07	2.190e+01	-1.027e-07
151.597	-4.300	21.000	21.000	21.000	-2.400e+01	-9.700e-08	2.474e+08	-2.400e+01	-2.233e-06	1.075e+07	2.190e+01	-9.921e-08
152.468	-4.400	21.000	21.000	21.000	-2.400e+01	-9.786e-08	2.452e+08	-2.400e+01	-2.203e-06	1.089e+07	2.190e+01	-9.676e-08
153.217	-4.500	21.000	21.000	21.000	-2.400e+01	-9.872e-08	2.431e+08	-2.400e+01	-2.174e-06	1.104e+07	2.190e+01	-9.533e-08
154.278	-4.600	21.000	21.000	21.000	-2.400e+01	-9.962e-08	2.409e+08	-2.400e+01	-2.144e-06	1.119e+07	2.190e+01	-9.236e-08
155.017	-4.700	21.000	21.000	21.000	-2.400e+01	-1.004e-07	2.389e+08	-2.400e+01	-2.115e-06	1.135e+07	2.190e+01	-9.047e-08
155.758	-4.800	21.000	21.000	21.000	-2.400e+01	-1.014e-07	2.368e+08	-2.400e+01	-2.086e-06	1.150e+07	2.190e+01	-8.869e-08
156.518	-4.900	21.000	21.000	21.000	-2.400e+01	-1.022e-07	2.348e+08	-2.400e+01	-2.056e-06	1.167e+07	2.190e+01	-8.688e-08
157.257	-5.000	21.000	21.000	21.000	-2.400e+01	-1.031e-07	2.328e+08	-2.400e+01	-2.025e-06	1.185e+07	2.190e+01	-8.535e-08
157.998	-5.100	21.000	21.000	21.000	-2.400e+01	-1.040e-07	2.308e+08	-2.400e+01	-1.995e-06	1.203e+07	2.190e+01	-8.382e-08
158.728	-5.200	21.000	21.000	21.000	-2.400e+01	-1.048e-07	2.290e+08	-2.400e+01	-1.965e-06	1.221e+07	2.190e+01	-8.237e-08
159.497	-5.300	21.000	21.000	21.000	-2.400e+01	-1.057e-07	2.271e+08	-2.400e+01	-1.938e-06	1.239e+07	2.190e+01	-8.096e-08
160.237	-5.400	21.000	21.000	21.000	-2.400e+01	-1.066e-07	2.252e+08	-2.400e+01	-1.908e-06	1.258e+07	2.190e+01	-7.877e-08
160.978	-5.500	21.000	21.000	21.000	-2.400e+01	-1.074e-07	2.235e+08	-2.400e+01	-1.882e-06	1.275e+07	2.190e+01	-7.743e-08
161.717	-5.600	21.000	21.000	21.000	-2.400e+01	-1.083e-07	2.217e+08	-2.400e+01	-1.853e-06	1.295e+07	2.190e+01	-7.622e-08
162.478	-5.700	21.000	21.000	21.000	-2.400e+01	-1.091e-07	2.199e+08	-2.400e+01	-1.827e-06	1.314e+07	2.190e+01	-7.511e-08
163.228	-5.800	21.000	21.000	21.000	-2.400e+01	-1.100e-07	2.182e+08	-2.400e+01	-1.799e-06	1.334e+07	2.190e+01	-7.412e-08
163.968	-5.900	21.000	21.000	21.000	-2.400e+01	-1.109e-07	2.165e+08	-2.400e+01	-1.772e-06	1.354e+07	2.190e+01	-7.312e-08
164.708	-6.000	21.000	21.000	21.000	-2.400e+01	-1.117e-07	2.148e+08	-2.400e+01	-1.746e-06	1.375e+07	2.190e+01	-7.212e-08
165.468	-6.100	21.000	21.000	21.000	-2.400e+01	-1.125e-07	2.133e+08	-2.400e+01	-1.722e-06	1.394e+07	2.190e+01	-7.055e-08
166.208	-6.200	21.000	21.000	21.000	-2.400e+01	-1.134e-07	2.117e+08	-2.400e+01	-1.695e-06	1.416e+07	2.190e+01	-6.964e-08
167.047	-6.300	21.000	21.000	21.000	-2.400e+01	-1.142e-07	2.101e+08	-2.400e+01	-1.670e-06	1.437e+07	2.190e+01	-6.873e-08
167.792	-6.400	21.000	21.000	21.000	-2.400e+01	-1.151e-07	2.085e+08	-2.400e+01	-1.646e-06	1.458e+07	2.190e+01	-6.819e-08
168.596	-6.500	21.000	21.000	21.000	-2.400e+01	-1.160e-07	2.070e+08	-2.400e+01	-1.623e-06	1.479e+07	2.190e+01	-6.745e-08
169.338	-6.600	21.000	21.000	21.000	-2.400e+01	-1.168e-07	2.055e+08	-2.400e+01	-1.600e-06	1.500e+07	2.190e+01	-6.619e-08
170.088	-6.700	21.000	21.000	21.000	-2.400e+01	-1.177e-07	2.039e+08	-2.400e+01	-1.575e-06	1.523e+07	2.190e+01	-6.548e-08
170.838	-6.800	21.000	21.000	21.000	-2.400e+01	-1.185e-07	2.026e+08	-2.400e+01	-1.553e-06	1.546e+07	2.190e+01	-6.479e-08
171.589	-6.900	21.000	21.000	21.000	-2.400e+01	-1.193e-07	2.013e+08	-2.400e+01	-1.531e-06	1.567e+07	2.190e+01	-6.415e-08
172.337	-7.000	21.000	21.000	21.000	-2.400e+01	-1.202e-07	1.997e+08	-2.400e+01	-1.507e-06	1.593e+07	2.190e+01	-6.352e-08
173.089	-7.100	21.000	21.000	21.000	-2.400e+01	-1.210e-07	1.983e+08	-2.400e+01	-1.485e-06	1.616e+07	2.190e+01	-6.251e-08
173.828	-7.200	21.000	21.000	21.000	-2.400e+01	-1.218e-07	1.970e+08	-2.400e+01	-1.465e-06	1.638e+07	2.190e+01	-6.191e-08
174.579	-7.300	21.000	21.000	21.000	-2.400e+01	-1.226e-07	1.957e+08	-2.400e+01	-1.444e-06	1.662e+07	2.190e+01	-6.128e-08
175.338	-7.400	21.000	21.000	21.000	-2.400e+01	-1.236e-07	1.942e+08	-2.400e+01	-1.423e-06	1.686e+07	2.190e+01	-6.072e-08
176.088	-7.500	21.000	21.000	21.000	-2.400e+01	-1.243e-07	1.931e+08	-2.400e+01	-1.404e-06	1.709e+07	2.190e+01	-6.019e-08
176.838	-7.600	21.000	21.000	21.000	-2.400e+01	-1.252e-07	1.917e+08	-2.400e+01	-1.384e-06	1.734e+07	2.190e+01	-5.974e-08
177.579	-7.700	21.000	21.000	21.000	-2.400e+01	-1.260e-07	1.904e+08	-2.400e+01	-1.365e-06	1.759e+07	2.190e+01	-5.926e-08
178.338	-7.800	21.000	21.000	21.000	-2.400e+01	-1.268e-07	1.893e+08	-2.400e+01	-1.348e-06	1.781e+07	2.190e+01	-5.849e-08
179.078	-7.900	21.000	21.000	21.000	-2.400e+01	-1.277e-07	1.880e+08	-2.400e+01	-1.330e-06	1.805e+07	2.190e+01	-5.798e-08
179.828	-8.000	21.000	21.000	21.000	-2.400e+01	-1.284e-07	1.868e+08	-2.400e+01	-1.311e-06	1.831e+07	2.190e+01	-5.753e-08
180.570	-8.100	21.000	21.000	21.000	-2.400e+01	-1.293e-07	1.856e+08	-2.400e+01	-1.294e-06	1.854e+07	2.190e+01	-5.709e-08
181.318	-8.200	21.000	21.000	21.000	-2.400e+01	-1.301e-07	1.844e+08	-2.400e+01	-1.276e-06	1.881e+07	2.190e+01	-5.669e-08
182.108	-8.300	21.000	21.000	21.000	-2.400e+01	-1.310e-07	1.833e+08	-2.400e+01	-1.259e-06	1.907e+07	2.190e+01	-5.629e-08
182.988	-8.400	21.000	21.000	21.000	-2.400e+01	-1.317e-07	1.822e+08	-2.400e+01	-1.242e-06	1.932e+07	2.190e+01	-5.578e-08
183.728	-8.500	21.000	21.000	21.000	-2.400e+01	-1.326e-07	1.810e+08	-2.400e+01	-1.225e-06	1.959e+07	2.190e+01	-5.547e-08
184.487	-8.600	21.000	21.000	21.000	-2.400e+01	-1.333e-07	1.800e+08	-2.400e+01	-1.209e-06	1.985e+07	2.190e+01	-5.514e-08
185.238	-8.700	21.000	21.000	21.000	-2.400e+01	-1.342e-07	1.788e+08	-2.400e+01	-1.193e-06	2.012e+07	2.190e+01	-5.461e-08
185.979	-8.800	21.000	21.000	21.000	-2.400e+01	-1.350e-07	1.778e+08	-2.400e+01	-1.177e-06	2.038e+07	2.190e+01	-5.426e-08
186.718	-8.900	21.000	21.000	21.000	-2.400e+01	-1.358e-07	1.767e+08	-2.400e+01	-1.162e-06	2.065e+07	2.190e+01	-5.391e-08
187.479	-9.000	21.000	21.000	21.000	-2.400e+01	-1.367e-07	1.756e+08	-2.400e+01	-1.146e-06	2.093e+07	2.190e+01	-5.364e-08
188.218	-9.100	21.000	21.000	21.000	-2.400e+01	-1.374e-07	1.747e+08	-2.400e+01	-1.132e-06	2.120e+07	2.190e+01	-5.334e-08
188.969	-9.200	21.000	21.000	21.000	-2.400e+01	-1.383e-07	1.736e+08	-2.400e+01	-1.115e-06	2.152e+07	2.190e+01	-5.308e-08
190.018	-9.300	21.000	21.000	21.000	-2.400e+01	-1.390e-07	1.727e+08	-2.400e+01	-1.101e-06	2.179e+07	2.190e+01	-5.270e-08
190.969	-9.400	21.000	21.000	21.000	-2.400e+01	-1.398e-07	1.717e+08	-2.400e+01	-1.086e-06	2.209e+07	2.190e+01	-5.240e-08
191.708	-9.500	21.000	21.000	21.000	-2.400e+01	-1.406e-07	1.707e+08	-2.400e+01	-1.071e-06	2.241e+07	2.190e+01	-5.213e-08
192.639	-9.600	21.000	21.000	21.000	-2.400e+01	-1.413e-07	1.698e+08	-2.400e+01	-1.059e-06	2.266e+07	2.190e+01	-5.188e-08
193.389	-9.700	21.000	21.000	21.000	-2.400e+01	-1.422e-07	1.688e+08	-2.400e+01	-1.044e-06	2.298e+07	2.190e+01	-5.161e-08
194.139	-9.800	21.000	21.000	21.000	-2.400e+01	-1.429e-07	1.679e+08	-2.400e+01	-1.031e-06	2.328e+07	2.190e+01	-5.141e-08
194.892	-9.900	21.000	21.000	21.000	-2.400e+01	-1.437e-07	1.670e+08	-2.400e+01	-1.017e-06	2.360e+07	2.190e+01	-5.120e-08
195.642	-10.000	21.000	21.000	21.000	-2.400e+01	-1.445e-07	1.661e+08	-2.400e+01	-1.005e-06	2.389e+07	2.190e+01	-5.100e-08
196.400	-10.100	21.000	21.000	21.000	-2.400e+01	-1.453e-07	1.652e+08	-2.400e+01	-9.909e-07	2.422e+07	2.190e+01	-5.080e-08
197.148	-10.200	21.000	21.000	21.000	-2.400e+01	-1.460e-07	1.643e+08	-2.400e+01	-9.783e-07	2.453e+07	2.190e+01	-5.062e-08
197.889	-10.300	21.000	21.000	21.000	-2.400e+01	-1.469e-07	1.634e+08	-2.400e+01	-9.652e-07	2.486e+07	2.190e+01	-5.033e-08
198.951	-10.400	21.000	21.000	21.000	-2.400e+01	-1.476e-07	1.626e+08	-2.400e+01	-9.518e-07	2.521e+07	2.190e+01	-5.013e-08
199.699	-10.500	21.000	21.000	21.000	-2.400e+01	-1.484e-07	1.617e+08	-2.400e+01	-9.392e-07	2.555e+07	2.190e+01	-4.995e-08
200.419	-10.600	21.000	21.000	21.000	-2.400e+01	-1.491e-07	1.610e+08	-2.400e+01	-9.273e-07	2.588e+07	2.190e+01	-4.982e-08
201.159	-10.700	21.000	21.000	21.000	-2.400e+01	-1.498e-07	1.602e+08	-2.400e+01	-9.138e-07	2.626e+07	2.190e+01	-4.964e-08
201.898	-10.800	21.000	21.000	21.000	-2.400e+01	-1.506e-07	1.594e+08	-2.400e+01	-9.018e-07	2.661e+07	2.190e+01	-4.948e-08
202.639	-10.900	21.000	21.000	21.000	-2.400e+01	-1.514e-07	1.585e+08	-2.400e+01	-8.899e-07	2.697e+07	2.190e+01	-4.926e-08
203.390	-11.000	21.000	21.000	21.000	-2.400e+01	-1.522e-07	1.577e+08	-2.400e+01	-8.780e-07	2.734e+07	2.190e+01	-4.908e-08
204.119	-11.100	21.000	21.000	21.000	-2.400e+01	-1.529e-07	1.570e+08	-2.400e+01	-8.653e-07	2.774e+07	2.190e+01	-4.891e-08
204.869	-11.200	21.000	21.000	21.000	-2.400e+01	-1.536e-07	1.562e+08	-2.400e+01	-8.540e-07	2.810e+07	2.190e+01	-4.876e-08
205.659	-11.300	21.000	21.000	21.000	-2.400e+01	-1.543e-07	1.555e+08	-2.400e+01	-8.431e-07	2.847e+07	2.190e+01	-4.862e-08
206.769	-11.400	21.000	21.000	21.000	-2.400e+01	-1.551e-07	1.548e+08	-2.400e+01	-8.309e-07	2.888e+07	2.190e+01	-4.846e-08
207.520	-11.500	21.000	21.000	21.000	-2.400e+01	-1.557e-07	1.541e+08	-2.400e+01	-8.192e-07	2.930e+07	2.190e+01	-4.833e-08
208.259	-11.600	21.000	21.000	21.000	-2.400e+01	-1.564e-07	1.534e+08	-2.400e+01	-8.072e-07	2.973e+07	2.190e+01	-4.819e-08
209.008	-11.700	21.000	21.000	21.000	-2.400e+01	-1.572e-07	1.527e+08	-2.400e+01	-7.964e-07	3.014e+07	2.190e+01	-4.806e-08
209.749	-11.800	21.000	21.000	21.000	-2.400e+01	-1.579e-07	1.520e+08	-2.400e+01	-7.847e-07	3.059e+07	2.190e+01	-4.802e-08
210.519	-11.900	21.000	21.000	21.000	-2.400e+01	-1.586e-07	1.514e+08	-2.400e+01	-7.733e-07	3.103e+07	2.190e+01	-4.788e-08
211.293	-12.000	21.000	21.000	21.000	-2.400e+01	-1.593e-07	1.507e+08	-2.400e+01	-7.625e-07	3.147e+07	2.190e+01	-4.764e-08
212.043	-12.100	21.000	21.000	21.000	-2.400e+01	-1.600e-07	1.500e+08	-2.400e+01	-7.520e-07	3.192e+07	2.190e+01	-4.760e-08
212.789	-12.200	21.000	21.000	21.000	-2.400e+01	-1.607e-07	1.494e+08	-2.400e+01	-7.408e-07	3.240e+07	2.190e+01	-4.743e-08
213.729	-12.300	21.000	21.000	21.000	-2.400e+01	-1.614e-07	1.487e+08	-2.400e+01	-7.296e-07	3.289e+07	2.190e+01	-4.727e-08
214.719	-12.400	21.000	21.000	21.000	-2.400e+01	-1.620e-07	1.481e+08	-2.400e+01	-7.194e-07	3.336e+07	2.190e+01	-4.714e-08
215.480	-12.500	21.000	21.000	21.000	-2.400e+01	-1.627e-07	1.475e+08	-2.400e+01	-7.089e-07	3.386e+07	2.190e+01	-4.710e-08
216.219	-12.600	21.000	21.000	21.000	-2.400e+01	-1.633e-07	1.470e+08	-2.400e+01	-6.990e-07	3.434e+07	2.190e+01	-4.694e-08
216.959	-12.700	21.000	21.000	21.000	-2.400e+01	-1.640e-07	1.463e+08	-2.400e+01	-6.881e-07	3.488e+07	2.190e+01	-4.676e-08
217.709	-12.800	21.000	21.000	21.000	-2.400e+01	-1.647e-07	1.457e+08	-2.400e+01	-6.778e-07	3.541e+07	2.190e+01	-4.672e-08
218.480	-12.900	21.000	21.000	21.000	-2.400e+01	-1.653e-07	1.452e+08	-2.400e+01	-6.677e-07	3.595e+07	2.190e+01	-4.656e-08
219.220	-13.000	21.000	21.000	21.000	-2.400e+01	-1.660e-07	1.446e+08	-2.400e+01	-6.580e-07	3.648e+07	2.190e+01	-4.641e-08
219.959	-13.100	21.000	21.000	21.000	-2.400e+01	-1.666e-07	1.440e+08	-2.400e+01	-6.476e-07	3.706e+07	2.190e+01	-4.638e-08
220.700	-13.200	21.000	21.000	21.000	-2.400e+01	-1.673e-07	1.435e+08	-2.400e+01	-6.383e-07	3.760e+07	2.190e+01	-4.622e-08
221.699	-13.300	21.000	21.000	21.000	-2.400e+01	-1.679e-07	1.429e+08	-2.400e+01	-6.285e-07	3.818e+07	2.190e+01	-4.615e-08
222.819	-13.400	21.000	21.000	21.000	-2.400e+01	-1.685e-07	1.424e+08	-2.400e+01	-6.195e-07	3.874e+07	2.190e+01	-4.598e-08
223.560	-13.500	21.000	21.000	21.000	-2.400e+01	-1.692e-07	1.419e+08	-2.400e+01	-6.099e-07	3.935e+07	2.190e+01	-4.596e-08
224.310	-13.600	21.000	21.000	21.000	-2.400e+01	-1.698e-07	1.413e+08	-2.400e+01	-6.006e-07	3.996e+07	2.190e+01	-4.581e-08
225.059	-13.700	21.000	21.000	21.000	-2.400e+01	-1.704e-07	1.408e+08	-2.400e+01	-5.915e-07	4.057e+07	2.190e+01	-4.575e-08
225.809	-13.800	21.000	21.000	21.000	-2.400e+01	-1.710e-07	1.404e+08	-2.400e+01	-5.821e-07	4.123e+07	2.190e+01	-4.562e-08
226.550	-13.900	21.000	21.000	21.000	-2.400e+01	-1.716e-07	1.398e+08	-2.400e+01	-5.737e-07	4.183e+07	2.190e+01	-4.544e-08
227.289	-14.000	21.000	21.000	21.000	-2.400e+01	-1.723e-07	1.393e+08	-2.400e+01	-5.645e-07	4.251e+07	2.190e+01	-4.542e-08
228.039	-14.100	21.000	21.000	21.000	-2.400e+01	-1.729e-07	1.388e+08	-2.400e+01	-5.556e-07	4.320e+07	2.190e+01	-4.528e-08
228.832	-14.200	21.000	21.000	21.000	-2.400e+01	-1.735e-07	1.384e+08	-2.400e+01	-5.468e-07	4.389e+07	2.190e+01	-4.524e-08
229.585	-14.300	21.000	21.000	21.000	-2.400e+01	-1.740e-07	1.379e+08	-2.400e+01	-5.383e-07	4.458e+07	2.190e+01	-4.520e-08
230.673	-14.400	21.000	21.000	21.000	-2.400e+01	-1.746e-07	1.375e+08	-2.400e+01	-5.298e-07	4.530e+07	2.190e+01	-4.502e-08
231.420	-14.500	21.000	21.000	21.000	-2.400e+01	-1.751e-07	1.370e+08	-2.400e+01	-5.212e-07	4.604e+07	2.190e+01	-4.490e-08
232.159	-14.600	21.000	21.000	21.000	-2.400e+01	-1.758e-07	1.366e+08	-2.400e+01	-5.128e-07	4.680e+07	2.190e+01	-4.488e-08
232.900	-14.700	21.000	21.000	21.000	-2.400e+01	-1.763e-07	1.361e+08	-2.400e+01	-5.043e-07	4.759e+07	2.190e+01	-4.474e-08
233.639	-14.800	21.000	21.000	21.000	-2.400e+01	-1.768e-07	1.357e+08	-2.400e+01	-4.957e-07	4.841e+07	2.190e+01	-4.469e-08
234.391	-14.900	21.000	21.000	21.000	-2.400e+01	-1.774e-07	1.353e+08	-2.400e+01	-4.875e-07	4.923e+07	2.190e+01	-4.454e-08
235.470	-15.000	21.000	21.000	21.000	-2.400e+01	-1.779e-07	1.349e+08	-2.400e+01	-4.791e-07	5.010e+07	2.190e+01	-4.444e-08
