time, s	APT pos, mm	APL pos, mm	APR pos, mm	APB pos, mm	TH1992B_1.VOLT1	TH1992B_1.CURR1	TH1992B_1.RES1	TH1992B_1.VOLT2	TH1992B_1.CURR2	TH1992B_1.RES2
9.709	15.000	24.000	24.000	24.000	-2.400e+01	-1.336e-10	1.797e+11	-2.400e+01	-1.297e-07	1.851e+08
10.609	14.900	24.000	24.000	24.000	-2.400e+01	-1.853e-10	1.295e+11	-2.400e+01	-1.323e-07	1.814e+08
11.312	14.800	24.000	24.000	24.000	-2.400e+01	-1.888e-10	1.271e+11	-2.400e+01	-1.350e-07	1.778e+08
12.028	14.700	24.000	24.000	24.000	-2.400e+01	-2.065e-10	1.162e+11	-2.400e+01	-1.378e-07	1.742e+08
12.749	14.600	24.000	24.000	24.000	-2.400e+01	-2.501e-10	9.596e+10	-2.400e+01	-1.406e-07	1.707e+08
13.458	14.500	24.000	24.000	24.000	-2.400e+01	-2.245e-10	1.069e+11	-2.400e+01	-1.438e-07	1.669e+08
14.178	14.400	24.000	24.000	24.000	-2.400e+01	-3.084e-10	7.782e+10	-2.400e+01	-1.465e-07	1.638e+08
14.898	14.300	24.000	24.000	24.000	-2.400e+01	-2.815e-10	8.527e+10	-2.400e+01	-1.494e-07	1.606e+08
15.638	14.200	24.000	24.000	24.000	-2.400e+01	-3.331e-10	7.206e+10	-2.400e+01	-1.523e-07	1.576e+08
16.359	14.100	24.000	24.000	24.000	-2.400e+01	-3.753e-10	6.395e+10	-2.400e+01	-1.551e-07	1.547e+08
17.082	14.000	24.000	24.000	24.000	-2.400e+01	-3.755e-10	6.392e+10	-2.400e+01	-1.579e-07	1.520e+08
17.809	13.900	24.000	24.000	24.000	-2.400e+01	-3.918e-10	6.126e+10	-2.400e+01	-1.605e-07	1.495e+08
18.549	13.800	24.000	24.000	24.000	-2.400e+01	-3.657e-10	6.563e+10	-2.400e+01	-1.635e-07	1.468e+08
19.279	13.700	24.000	24.000	24.000	-2.400e+01	-4.083e-10	5.879e+10	-2.400e+01	-1.666e-07	1.440e+08
20.072	13.600	24.000	24.000	24.000	-2.400e+01	-4.769e-10	5.032e+10	-2.400e+01	-1.695e-07	1.416e+08
20.812	13.500	24.000	24.000	24.000	-2.400e+01	-4.691e-10	5.117e+10	-2.400e+01	-1.727e-07	1.390e+08
21.582	13.400	24.000	24.000	24.000	-2.400e+01	-5.412e-10	4.435e+10	-2.400e+01	-1.758e-07	1.365e+08
22.318	13.300	24.000	24.000	24.000	-2.400e+01	-4.953e-10	4.846e+10	-2.400e+01	-1.789e-07	1.342e+08
23.069	13.200	24.000	24.000	24.000	-2.400e+01	-5.811e-10	4.130e+10	-2.400e+01	-1.824e-07	1.316e+08
23.808	13.100	24.000	24.000	24.000	-2.400e+01	-6.031e-10	3.980e+10	-2.400e+01	-1.858e-07	1.292e+08
24.549	13.000	24.000	24.000	24.000	-2.400e+01	-6.456e-10	3.718e+10	-2.400e+01	-1.891e-07	1.269e+08
25.318	12.900	24.000	24.000	24.000	-2.400e+01	-7.014e-10	3.422e+10	-2.400e+01	-1.923e-07	1.248e+08
26.062	12.800	24.000	24.000	24.000	-2.400e+01	-7.094e-10	3.383e+10	-2.400e+01	-1.959e-07	1.225e+08
26.819	12.700	24.000	24.000	24.000	-2.400e+01	-7.449e-10	3.222e+10	-2.400e+01	-1.992e-07	1.205e+08
27.539	12.600	24.000	24.000	24.000	-2.400e+01	-8.308e-10	2.889e+10	-2.400e+01	-2.029e-07	1.183e+08
28.289	12.500	24.000	24.000	24.000	-2.400e+01	-8.742e-10	2.745e+10	-2.400e+01	-2.062e-07	1.164e+08
29.028	12.400	24.000	24.000	24.000	-2.400e+01	-8.682e-10	2.764e+10	-2.400e+01	-2.099e-07	1.144e+08
29.779	12.300	24.000	24.000	24.000	-2.400e+01	-9.165e-10	2.619e+10	-2.400e+01	-2.136e-07	1.124e+08
30.531	12.200	24.000	24.000	24.000	-2.400e+01	-9.958e-10	2.410e+10	-2.400e+01	-2.173e-07	1.104e+08
31.269	12.100	24.000	24.000	24.000	-2.400e+01	-1.053e-09	2.279e+10	-2.400e+01	-2.208e-07	1.087e+08
32.009	12.000	24.000	24.000	24.000	-2.400e+01	-1.106e-09	2.169e+10	-2.400e+01	-2.247e-07	1.068e+08
32.730	11.900	24.000	24.000	24.000	-2.400e+01	-1.146e-09	2.095e+10	-2.400e+01	-2.287e-07	1.050e+08
33.469	11.800	24.000	24.000	24.000	-2.400e+01	-1.204e-09	1.993e+10	-2.400e+01	-2.328e-07	1.031e+08
34.239	11.700	24.000	24.000	24.000	-2.400e+01	-1.259e-09	1.907e+10	-2.400e+01	-2.367e-07	1.014e+08
34.979	11.600	24.000	24.000	24.000	-2.400e+01	-1.341e-09	1.790e+10	-2.400e+01	-2.409e-07	9.964e+07
35.730	11.500	24.000	24.000	24.000	-2.400e+01	-1.433e-09	1.675e+10	-2.400e+01	-2.450e-07	9.798e+07
36.469	11.400	24.000	24.000	24.000	-2.400e+01	-1.533e-09	1.566e+10	-2.400e+01	-2.492e-07	9.629e+07
37.199	11.300	24.000	24.000	24.000	-2.400e+01	-1.644e-09	1.459e+10	-2.400e+01	-2.538e-07	9.456e+07
37.939	11.200	24.000	24.000	24.000	-2.400e+01	-1.662e-09	1.444e+10	-2.400e+01	-2.583e-07	9.291e+07
38.671	11.100	24.000	24.000	24.000	-2.400e+01	-1.824e-09	1.316e+10	-2.400e+01	-2.631e-07	9.121e+07
39.409	11.000	24.000	24.000	24.000	-2.400e+01	-1.904e-09	1.260e+10	-2.400e+01	-2.679e-07	8.958e+07
40.149	10.900	24.000	24.000	24.000	-2.400e+01	-1.990e-09	1.206e+10	-2.400e+01	-2.728e-07	8.797e+07
40.889	10.800	24.000	24.000	24.000	-2.400e+01	-2.041e-09	1.176e+10	-2.400e+01	-2.773e-07	8.655e+07
41.648	10.700	24.000	24.000	24.000	-2.400e+01	-2.143e-09	1.120e+10	-2.400e+01	-2.815e-07	8.524e+07
42.399	10.600	24.000	24.000	24.000	-2.400e+01	-2.355e-09	1.019e+10	-2.400e+01	-2.864e-07	8.380e+07
43.139	10.500	24.000	24.000	24.000	-2.400e+01	-2.403e-09	9.988e+09	-2.400e+01	-2.909e-07	8.249e+07
43.879	10.400	24.000	24.000	24.000	-2.400e+01	-2.522e-09	9.516e+09	-2.400e+01	-2.953e-07	8.126e+07
44.628	10.300	24.000	24.000	24.000	-2.400e+01	-2.652e-09	9.051e+09	-2.400e+01	-2.998e-07	8.004e+07
45.369	10.200	24.000	24.000	24.000	-2.400e+01	-2.714e-09	8.843e+09	-2.400e+01	-3.042e-07	7.889e+07
46.110	10.100	24.000	24.000	24.000	-2.400e+01	-2.863e-09	8.383e+09	-2.400e+01	-3.089e-07	7.770e+07
46.840	10.000	24.000	24.000	24.000	-2.400e+01	-2.940e-09	8.163e+09	-2.400e+01	-3.135e-07	7.655e+07
47.579	9.900	24.000	24.000	24.000	-2.400e+01	-3.066e-09	7.828e+09	-2.400e+01	-3.180e-07	7.546e+07
48.319	9.800	24.000	24.000	24.000	-2.400e+01	-3.216e-09	7.462e+09	-2.400e+01	-3.226e-07	7.441e+07
49.059	9.700	24.000	24.000	24.000	-2.400e+01	-3.364e-09	7.134e+09	-2.400e+01	-3.276e-07	7.327e+07
49.972	9.600	24.000	24.000	24.000	-2.400e+01	-3.450e-09	6.957e+09	-2.400e+01	-3.322e-07	7.224e+07
50.701	9.500	24.000	24.000	24.000	-2.400e+01	-3.603e-09	6.661e+09	-2.400e+01	-3.371e-07	7.120e+07
51.450	9.400	24.000	24.000	24.000	-2.400e+01	-3.702e-09	6.483e+09	-2.400e+01	-3.418e-07	7.022e+07
52.170	9.300	24.000	24.000	24.000	-2.400e+01	-3.814e-09	6.292e+09	-2.400e+01	-3.468e-07	6.921e+07
52.910	9.200	24.000	24.000	24.000	-2.400e+01	-3.980e-09	6.031e+09	-2.400e+01	-3.518e-07	6.821e+07
53.650	9.100	24.000	24.000	24.000	-2.400e+01	-4.108e-09	5.843e+09	-2.400e+01	-3.569e-07	6.724e+07
54.389	9.000	24.000	24.000	24.000	-2.400e+01	-4.257e-09	5.638e+09	-2.400e+01	-3.619e-07	6.632e+07
55.279	8.900	24.000	24.000	24.000	-2.400e+01	-4.399e-09	5.455e+09	-2.400e+01	-3.669e-07	6.541e+07
56.020	8.800	24.000	24.000	24.000	-2.400e+01	-4.531e-09	5.297e+09	-2.400e+01	-3.725e-07	6.442e+07
56.760	8.700	24.000	24.000	24.000	-2.400e+01	-4.682e-09	5.126e+09	-2.400e+01	-3.776e-07	6.356e+07
57.499	8.600	24.000	24.000	24.000	-2.400e+01	-4.829e-09	4.970e+09	-2.400e+01	-3.825e-07	6.275e+07
58.240	8.500	24.000	24.000	24.000	-2.400e+01	-4.897e-09	4.901e+09	-2.400e+01	-3.880e-07	6.185e+07
58.979	8.400	24.000	24.000	24.000	-2.400e+01	-5.074e-09	4.730e+09	-2.400e+01	-3.933e-07	6.103e+07
59.711	8.300	24.000	24.000	24.000	-2.400e+01	-5.236e-09	4.584e+09	-2.400e+01	-3.983e-07	6.026e+07
60.459	8.200	24.000	24.000	24.000	-2.400e+01	-5.421e-09	4.427e+09	-2.400e+01	-4.042e-07	5.937e+07
61.200	8.100	24.000	24.000	24.000	-2.400e+01	-5.566e-09	4.312e+09	-2.400e+01	-4.110e-07	5.840e+07
61.940	8.000	24.000	24.000	24.000	-2.400e+01	-5.671e-09	4.232e+09	-2.400e+01	-4.183e-07	5.738e+07
62.681	7.900	24.000	24.000	24.000	-2.400e+01	-5.866e-09	4.091e+09	-2.400e+01	-4.254e-07	5.642e+07
63.420	7.800	24.000	24.000	24.000	-2.400e+01	-6.027e-09	3.982e+09	-2.400e+01	-4.322e-07	5.553e+07
64.219	7.700	24.000	24.000	24.000	-2.400e+01	-6.246e-09	3.843e+09	-2.400e+01	-4.393e-07	5.463e+07
64.960	7.600	24.000	24.000	24.000	-2.400e+01	-6.378e-09	3.763e+09	-2.400e+01	-4.459e-07	5.383e+07
65.701	7.500	24.000	24.000	24.000	-2.400e+01	-6.501e-09	3.692e+09	-2.400e+01	-4.534e-07	5.293e+07
66.450	7.400	24.000	24.000	24.000	-2.400e+01	-6.726e-09	3.568e+09	-2.400e+01	-4.613e-07	5.203e+07
67.180	7.300	24.000	24.000	24.000	-2.400e+01	-6.840e-09	3.509e+09	-2.400e+01	-4.684e-07	5.124e+07
67.920	7.200	24.000	24.000	24.000	-2.400e+01	-7.024e-09	3.417e+09	-2.400e+01	-4.771e-07	5.031e+07
68.661	7.100	24.000	24.000	24.000	-2.400e+01	-7.201e-09	3.333e+09	-2.400e+01	-4.853e-07	4.945e+07
69.399	7.000	24.000	24.000	24.000	-2.400e+01	-7.307e-09	3.285e+09	-2.400e+01	-4.935e-07	4.863e+07
70.140	6.900	24.000	24.000	24.000	-2.400e+01	-7.606e-09	3.155e+09	-2.400e+01	-5.024e-07	4.777e+07
70.880	6.800	24.000	24.000	24.000	-2.400e+01	-7.766e-09	3.090e+09	-2.400e+01	-5.107e-07	4.700e+07
71.730	6.700	24.000	24.000	24.000	-2.400e+01	-7.968e-09	3.012e+09	-2.400e+01	-5.196e-07	4.619e+07
72.470	6.600	24.000	24.000	24.000	-2.400e+01	-8.112e-09	2.958e+09	-2.400e+01	-5.284e-07	4.542e+07
73.214	6.500	24.000	24.000	24.000	-2.400e+01	-8.324e-09	2.883e+09	-2.400e+01	-5.373e-07	4.467e+07
73.955	6.400	24.000	24.000	24.000	-2.400e+01	-8.554e-09	2.806e+09	-2.400e+01	-5.463e-07	4.393e+07
74.701	6.300	24.000	24.000	24.000	-2.400e+01	-8.720e-09	2.752e+09	-2.400e+01	-5.557e-07	4.319e+07
75.440	6.200	24.000	24.000	24.000	-2.400e+01	-8.922e-09	2.690e+09	-2.400e+01	-5.660e-07	4.240e+07
76.179	6.100	24.000	24.000	24.000	-2.400e+01	-9.099e-09	2.638e+09	-2.400e+01	-5.753e-07	4.172e+07
76.924	6.000	24.000	24.000	24.000	-2.400e+01	-9.343e-09	2.569e+09	-2.400e+01	-5.854e-07	4.100e+07
77.735	5.900	24.000	24.000	24.000	-2.400e+01	-9.546e-09	2.514e+09	-2.400e+01	-5.959e-07	4.027e+07
78.470	5.800	24.000	24.000	24.000	-2.400e+01	-9.753e-09	2.461e+09	-2.400e+01	-6.068e-07	3.955e+07
79.210	5.700	24.000	24.000	24.000	-2.400e+01	-9.979e-09	2.405e+09	-2.400e+01	-6.176e-07	3.886e+07
80.007	5.600	24.000	24.000	24.000	-2.400e+01	-1.013e-08	2.368e+09	-2.400e+01	-6.283e-07	3.820e+07
80.754	5.500	24.000	24.000	24.000	-2.400e+01	-1.040e-08	2.308e+09	-2.400e+01	-6.388e-07	3.757e+07
81.501	5.400	24.000	24.000	24.000	-2.400e+01	-1.056e-08	2.272e+09	-2.400e+01	-6.495e-07	3.695e+07
82.241	5.300	24.000	24.000	24.000	-2.400e+01	-1.083e-08	2.216e+09	-2.400e+01	-6.618e-07	3.627e+07
82.981	5.200	24.000	24.000	24.000	-2.400e+01	-1.102e-08	2.179e+09	-2.400e+01	-6.730e-07	3.566e+07
83.703	5.100	24.000	24.000	24.000	-2.400e+01	-1.128e-08	2.128e+09	-2.400e+01	-6.854e-07	3.502e+07
84.441	5.000	24.000	24.000	24.000	-2.400e+01	-1.148e-08	2.090e+09	-2.400e+01	-6.968e-07	3.444e+07
85.181	4.900	24.000	24.000	24.000	-2.400e+01	-1.175e-08	2.043e+09	-2.400e+01	-7.097e-07	3.382e+07
86.041	4.800	24.000	24.000	24.000	-2.400e+01	-1.195e-08	2.009e+09	-2.400e+01	-7.220e-07	3.324e+07
86.781	4.700	24.000	24.000	24.000	-2.400e+01	-1.218e-08	1.971e+09	-2.400e+01	-7.339e-07	3.270e+07
87.532	4.600	24.000	24.000	24.000	-2.400e+01	-1.241e-08	1.934e+09	-2.400e+01	-7.469e-07	3.213e+07
88.271	4.500	24.000	24.000	24.000	-2.400e+01	-1.265e-08	1.897e+09	-2.400e+01	-7.592e-07	3.161e+07
89.011	4.400	24.000	24.000	24.000	-2.400e+01	-1.290e-08	1.861e+09	-2.400e+01	-7.709e-07	3.113e+07
89.752	4.300	24.000	24.000	24.000	-2.400e+01	-1.313e-08	1.828e+09	-2.400e+01	-7.836e-07	3.063e+07
90.491	4.200	24.000	24.000	24.000	-2.400e+01	-1.339e-08	1.792e+09	-2.400e+01	-7.954e-07	3.017e+07
91.231	4.100	24.000	24.000	24.000	-2.400e+01	-1.368e-08	1.755e+09	-2.400e+01	-8.077e-07	2.972e+07
91.971	4.000	24.000	24.000	24.000	-2.400e+01	-1.392e-08	1.724e+09	-2.400e+01	-8.189e-07	2.931e+07
92.752	3.900	24.000	24.000	24.000	-2.400e+01	-1.415e-08	1.696e+09	-2.400e+01	-8.299e-07	2.892e+07
93.481	3.800	24.000	24.000	24.000	-2.400e+01	-1.447e-08	1.659e+09	-2.400e+01	-8.419e-07	2.851e+07
94.211	3.700	24.000	24.000	24.000	-2.400e+01	-1.474e-08	1.628e+09	-2.400e+01	-8.538e-07	2.811e+07
95.042	3.600	24.000	24.000	24.000	-2.400e+01	-1.496e-08	1.605e+09	-2.400e+01	-8.657e-07	2.772e+07
95.781	3.500	24.000	24.000	24.000	-2.400e+01	-1.522e-08	1.577e+09	-2.400e+01	-8.755e-07	2.741e+07
96.533	3.400	24.000	24.000	24.000	-2.400e+01	-1.552e-08	1.546e+09	-2.400e+01	-8.858e-07	2.709e+07
97.271	3.300	24.000	24.000	24.000	-2.400e+01	-1.576e-08	1.522e+09	-2.400e+01	-8.971e-07	2.675e+07
98.012	3.200	24.000	24.000	24.000	-2.400e+01	-1.604e-08	1.496e+09	-2.400e+01	-9.069e-07	2.646e+07
98.751	3.100	24.000	24.000	24.000	-2.400e+01	-1.630e-08	1.472e+09	-2.400e+01	-9.169e-07	2.618e+07
99.491	3.000	24.000	24.000	24.000	-2.400e+01	-1.658e-08	1.447e+09	-2.400e+01	-9.265e-07	2.590e+07
100.292	2.900	24.000	24.000	24.000	-2.400e+01	-1.682e-08	1.427e+09	-2.400e+01	-9.358e-07	2.565e+07
101.031	2.800	24.000	24.000	24.000	-2.400e+01	-1.710e-08	1.404e+09	-2.400e+01	-9.441e-07	2.542e+07
101.872	2.700	24.000	24.000	24.000	-2.400e+01	-1.741e-08	1.379e+09	-2.400e+01	-9.526e-07	2.520e+07
102.703	2.600	24.000	24.000	24.000	-2.400e+01	-1.766e-08	1.359e+09	-2.400e+01	-9.609e-07	2.498e+07
103.442	2.500	24.000	24.000	24.000	-2.400e+01	-1.791e-08	1.340e+09	-2.400e+01	-9.686e-07	2.478e+07
104.201	2.400	24.000	24.000	24.000	-2.400e+01	-1.818e-08	1.320e+09	-2.400e+01	-9.764e-07	2.458e+07
104.942	2.300	24.000	24.000	24.000	-2.400e+01	-1.845e-08	1.301e+09	-2.400e+01	-9.825e-07	2.443e+07
105.683	2.200	24.000	24.000	24.000	-2.400e+01	-1.874e-08	1.281e+09	-2.400e+01	-9.892e-07	2.426e+07
106.431	2.100	24.000	24.000	24.000	-2.400e+01	-1.902e-08	1.262e+09	-2.400e+01	-9.948e-07	2.412e+07
107.172	2.000	24.000	24.000	24.000	-2.400e+01	-1.929e-08	1.244e+09	-2.400e+01	-9.993e-07	2.402e+07
108.131	1.900	24.000	24.000	24.000	-2.400e+01	-1.957e-08	1.226e+09	-2.400e+01	-1.003e-06	2.392e+07
108.871	1.800	24.000	24.000	24.000	-2.400e+01	-1.982e-08	1.211e+09	-2.400e+01	-1.006e-06	2.385e+07
109.630	1.700	24.000	24.000	24.000	-2.400e+01	-2.007e-08	1.196e+09	-2.400e+01	-1.009e-06	2.379e+07
110.424	1.600	24.000	24.000	24.000	-2.400e+01	-2.031e-08	1.182e+09	-2.400e+01	-1.011e-06	2.375e+07
111.161	1.500	24.000	24.000	24.000	-2.400e+01	-2.067e-08	1.161e+09	-2.400e+01	-1.013e-06	2.370e+07
111.891	1.400	24.000	24.000	24.000	-2.400e+01	-2.094e-08	1.146e+09	-2.400e+01	-1.014e-06	2.368e+07
112.651	1.300	24.000	24.000	24.000	-2.400e+01	-2.119e-08	1.133e+09	-2.400e+01	-1.015e-06	2.365e+07
113.391	1.200	24.000	24.000	24.000	-2.400e+01	-2.153e-08	1.115e+09	-2.400e+01	-1.015e-06	2.365e+07
114.132	1.100	24.000	24.000	24.000	-2.400e+01	-2.180e-08	1.101e+09	-2.400e+01	-1.014e-06	2.366e+07
114.861	1.000	24.000	24.000	24.000	-2.400e+01	-2.209e-08	1.086e+09	-2.400e+01	-1.014e-06	2.367e+07
115.723	0.900	24.000	24.000	24.000	-2.400e+01	-2.238e-08	1.072e+09	-2.400e+01	-1.012e-06	2.371e+07
116.461	0.800	24.000	24.000	24.000	-2.400e+01	-2.267e-08	1.059e+09	-2.400e+01	-1.010e-06	2.376e+07
117.201	0.700	24.000	24.000	24.000	-2.400e+01	-2.291e-08	1.048e+09	-2.400e+01	-1.007e-06	2.383e+07
117.942	0.600	24.000	24.000	24.000	-2.400e+01	-2.324e-08	1.033e+09	-2.400e+01	-1.004e-06	2.390e+07
118.683	0.500	24.000	24.000	24.000	-2.400e+01	-2.359e-08	1.018e+09	-2.400e+01	-9.998e-07	2.400e+07
119.422	0.400	24.000	24.000	24.000	-2.400e+01	-2.385e-08	1.006e+09	-2.400e+01	-9.955e-07	2.411e+07
120.161	0.300	24.000	24.000	24.000	-2.400e+01	-2.415e-08	9.936e+08	-2.400e+01	-9.915e-07	2.421e+07
120.902	0.200	24.000	24.000	24.000	-2.400e+01	-2.442e-08	9.826e+08	-2.400e+01	-9.868e-07	2.432e+07
121.653	0.100	24.000	24.000	24.000	-2.400e+01	-2.474e-08	9.700e+08	-2.400e+01	-9.818e-07	2.444e+07
122.392	-0.000	24.000	24.000	24.000	-2.400e+01	-2.503e-08	9.588e+08	-2.400e+01	-9.760e-07	2.459e+07
123.132	-0.100	24.000	24.000	24.000	-2.400e+01	-2.535e-08	9.469e+08	-2.400e+01	-9.690e-07	2.477e+07
123.932	-0.200	24.000	24.000	24.000	-2.400e+01	-2.561e-08	9.372e+08	-2.400e+01	-9.628e-07	2.493e+07
124.673	-0.300	24.000	24.000	24.000	-2.400e+01	-2.588e-08	9.274e+08	-2.400e+01	-9.547e-07	2.514e+07
125.411	-0.400	24.000	24.000	24.000	-2.400e+01	-2.618e-08	9.167e+08	-2.400e+01	-9.468e-07	2.535e+07
126.142	-0.500	24.000	24.000	24.000	-2.400e+01	-2.651e-08	9.053e+08	-2.400e+01	-9.378e-07	2.559e+07
126.892	-0.600	24.000	24.000	24.000	-2.400e+01	-2.676e-08	8.969e+08	-2.400e+01	-9.293e-07	2.583e+07
127.651	-0.700	24.000	24.000	24.000	-2.400e+01	-2.711e-08	8.854e+08	-2.400e+01	-9.200e-07	2.609e+07
128.382	-0.800	24.000	24.000	24.000	-2.400e+01	-2.740e-08	8.760e+08	-2.400e+01	-9.106e-07	2.636e+07
129.122	-0.900	24.000	24.000	24.000	-2.400e+01	-2.767e-08	8.672e+08	-2.400e+01	-9.016e-07	2.662e+07
129.862	-1.000	24.000	24.000	24.000	-2.400e+01	-2.799e-08	8.576e+08	-2.400e+01	-8.914e-07	2.692e+07
130.802	-1.100	24.000	24.000	24.000	-2.400e+01	-2.826e-08	8.494e+08	-2.400e+01	-8.821e-07	2.721e+07
131.542	-1.200	24.000	24.000	24.000	-2.400e+01	-2.858e-08	8.397e+08	-2.400e+01	-8.724e-07	2.751e+07
132.282	-1.300	24.000	24.000	24.000	-2.400e+01	-2.888e-08	8.311e+08	-2.400e+01	-8.622e-07	2.784e+07
133.022	-1.400	24.000	24.000	24.000	-2.400e+01	-2.921e-08	8.217e+08	-2.400e+01	-8.517e-07	2.818e+07
133.761	-1.500	24.000	24.000	24.000	-2.400e+01	-2.948e-08	8.141e+08	-2.400e+01	-8.407e-07	2.855e+07
134.502	-1.600	24.000	24.000	24.000	-2.400e+01	-2.970e-08	8.081e+08	-2.400e+01	-8.298e-07	2.892e+07
135.242	-1.700	24.000	24.000	24.000	-2.400e+01	-3.006e-08	7.984e+08	-2.400e+01	-8.195e-07	2.929e+07
135.982	-1.800	24.000	24.000	24.000	-2.400e+01	-3.034e-08	7.909e+08	-2.400e+01	-8.084e-07	2.969e+07
136.724	-1.900	24.000	24.000	24.000	-2.400e+01	-3.060e-08	7.844e+08	-2.400e+01	-7.977e-07	3.009e+07
137.462	-2.000	24.000	24.000	24.000	-2.400e+01	-3.091e-08	7.764e+08	-2.400e+01	-7.869e-07	3.050e+07
138.262	-2.100	24.000	24.000	24.000	-2.400e+01	-3.121e-08	7.689e+08	-2.400e+01	-7.756e-07	3.095e+07
139.242	-2.200	24.000	24.000	24.000	-2.400e+01	-3.153e-08	7.612e+08	-2.400e+01	-7.646e-07	3.139e+07
140.035	-2.300	24.000	24.000	24.000	-2.400e+01	-3.179e-08	7.549e+08	-2.400e+01	-7.546e-07	3.180e+07
140.772	-2.400	24.000	24.000	24.000	-2.400e+01	-3.205e-08	7.487e+08	-2.400e+01	-7.443e-07	3.224e+07
141.533	-2.500	24.000	24.000	24.000	-2.400e+01	-3.236e-08	7.416e+08	-2.400e+01	-7.336e-07	3.272e+07
142.272	-2.600	24.000	24.000	24.000	-2.400e+01	-3.264e-08	7.353e+08	-2.400e+01	-7.234e-07	3.318e+07
143.012	-2.700	24.000	24.000	24.000	-2.400e+01	-3.293e-08	7.289e+08	-2.400e+01	-7.135e-07	3.364e+07
143.752	-2.800	24.000	24.000	24.000	-2.400e+01	-3.318e-08	7.234e+08	-2.400e+01	-7.026e-07	3.416e+07
144.482	-2.900	24.000	24.000	24.000	-2.400e+01	-3.351e-08	7.162e+08	-2.400e+01	-6.920e-07	3.468e+07
145.222	-3.000	24.000	24.000	24.000	-2.400e+01	-3.377e-08	7.107e+08	-2.400e+01	-6.818e-07	3.520e+07
145.992	-3.100	24.000	24.000	24.000	-2.400e+01	-3.406e-08	7.047e+08	-2.400e+01	-6.727e-07	3.568e+07
146.724	-3.200	24.000	24.000	24.000	-2.400e+01	-3.439e-08	6.979e+08	-2.400e+01	-6.622e-07	3.624e+07
147.463	-3.300	24.000	24.000	24.000	-2.400e+01	-3.460e-08	6.937e+08	-2.400e+01	-6.529e-07	3.676e+07
148.332	-3.400	24.000	24.000	24.000	-2.400e+01	-3.492e-08	6.873e+08	-2.400e+01	-6.437e-07	3.728e+07
149.072	-3.500	24.000	24.000	24.000	-2.400e+01	-3.515e-08	6.828e+08	-2.400e+01	-6.347e-07	3.781e+07
149.783	-3.600	24.000	24.000	24.000	-2.400e+01	-3.549e-08	6.763e+08	-2.400e+01	-6.254e-07	3.838e+07
150.534	-3.700	24.000	24.000	24.000	-2.400e+01	-3.580e-08	6.705e+08	-2.400e+01	-6.165e-07	3.893e+07
151.272	-3.800	24.000	24.000	24.000	-2.400e+01	-3.605e-08	6.657e+08	-2.400e+01	-6.074e-07	3.952e+07
152.012	-3.900	24.000	24.000	24.000	-2.400e+01	-3.637e-08	6.599e+08	-2.400e+01	-5.979e-07	4.014e+07
152.753	-4.000	24.000	24.000	24.000	-2.400e+01	-3.662e-08	6.553e+08	-2.400e+01	-5.896e-07	4.070e+07
153.643	-4.100	24.000	24.000	24.000	-2.400e+01	5.440e-10	-4.411e+10	-2.400e+01	-9.371e-10	2.561e+10
154.653	-4.200	24.000	24.000	24.000	-2.400e+01	5.760e-10	-4.167e+10	-2.400e+01	-9.207e-10	2.607e+10
155.524	-4.300	24.000	24.000	24.000	-2.400e+01	5.215e-10	-4.603e+10	-2.400e+01	-8.975e-10	2.674e+10
156.372	-4.400	24.000	24.000	24.000	-2.400e+01	5.437e-10	-4.414e+10	-2.400e+01	-9.356e-10	2.565e+10
157.116	-4.500	24.000	24.000	24.000	-2.400e+01	6.048e-10	-3.968e+10	-2.400e+01	-9.005e-10	2.665e+10
157.857	-4.600	24.000	24.000	24.000	-2.400e+01	5.305e-10	-4.524e+10	-2.400e+01	-9.355e-10	2.565e+10
158.605	-4.700	24.000	24.000	24.000	-2.400e+01	5.382e-10	-4.459e+10	-2.400e+01	-9.396e-10	2.554e+10
159.336	-4.800	24.000	24.000	24.000	-2.400e+01	5.473e-10	-4.386e+10	-2.400e+01	-9.495e-10	2.528e+10
160.072	-4.900	24.000	24.000	24.000	-2.400e+01	5.651e-10	-4.247e+10	-2.400e+01	-9.307e-10	2.579e+10
160.813	-5.000	24.000	24.000	24.000	-2.400e+01	5.361e-10	-4.477e+10	-2.400e+01	-9.197e-10	2.610e+10
161.696	-5.100	24.000	24.000	24.000	-2.400e+01	5.354e-10	-4.482e+10	-2.400e+01	-9.079e-10	2.643e+10
162.443	-5.200	24.000	24.000	24.000	-2.400e+01	5.569e-10	-4.310e+10	-2.400e+01	-9.309e-10	2.578e+10
163.183	-5.300	24.000	24.000	24.000	-2.400e+01	5.189e-10	-4.625e+10	-2.400e+01	-9.440e-10	2.542e+10
163.922	-5.400	24.000	24.000	24.000	-2.400e+01	5.425e-10	-4.424e+10	-2.400e+01	-9.192e-10	2.611e+10
164.664	-5.500	24.000	24.000	24.000	-2.400e+01	5.150e-10	-4.660e+10	-2.400e+01	-9.373e-10	2.561e+10
165.402	-5.600	24.000	24.000	24.000	-2.400e+01	5.380e-10	-4.461e+10	-2.400e+01	-9.230e-10	2.600e+10
166.136	-5.700	24.000	24.000	24.000	-2.400e+01	5.157e-10	-4.654e+10	-2.400e+01	-9.273e-10	2.588e+10
166.866	-5.800	24.000	24.000	24.000	-2.400e+01	5.155e-10	-4.655e+10	-2.400e+01	-9.425e-10	2.547e+10
167.622	-5.900	24.000	24.000	24.000	-2.400e+01	5.436e-10	-4.415e+10	-2.400e+01	-9.149e-10	2.623e+10
168.363	-6.000	24.000	24.000	24.000	-2.400e+01	5.532e-10	-4.338e+10	-2.400e+01	-9.320e-10	2.575e+10
169.253	-6.100	24.000	24.000	24.000	-2.400e+01	5.097e-10	-4.709e+10	-2.400e+01	-9.453e-10	2.539e+10
170.046	-6.200	24.000	24.000	24.000	-2.400e+01	4.954e-10	-4.845e+10	-2.400e+01	-9.015e-10	2.662e+10
170.776	-6.300	24.000	24.000	24.000	-2.400e+01	4.944e-10	-4.855e+10	-2.400e+01	-9.846e-10	2.438e+10
171.766	-6.400	24.000	24.000	24.000	-2.400e+01	5.356e-10	-4.481e+10	-2.400e+01	-9.846e-10	2.438e+10
172.496	-6.500	24.000	24.000	24.000	-2.400e+01	5.325e-10	-4.507e+10	-2.400e+01	-9.345e-10	2.568e+10
173.243	-6.600	24.000	24.000	24.000	-2.400e+01	5.441e-10	-4.411e+10	-2.400e+01	-8.829e-10	2.718e+10
173.983	-6.700	24.000	24.000	24.000	-2.400e+01	5.375e-10	-4.465e+10	-2.400e+01	-9.188e-10	2.612e+10
174.717	-6.800	24.000	24.000	24.000	-2.400e+01	5.404e-10	-4.441e+10	-2.400e+01	-9.098e-10	2.638e+10
175.454	-6.900	24.000	24.000	24.000	-2.400e+01	5.317e-10	-4.514e+10	-2.400e+01	-9.343e-10	2.569e+10
176.213	-7.000	24.000	24.000	24.000	-2.400e+01	5.282e-10	-4.544e+10	-2.400e+01	-9.209e-10	2.606e+10
177.023	-7.100	24.000	24.000	24.000	-2.400e+01	5.362e-10	-4.476e+10	-2.400e+01	-9.473e-10	2.534e+10
177.736	-7.200	24.000	24.000	24.000	-2.400e+01	5.301e-10	-4.528e+10	-2.400e+01	-9.364e-10	2.563e+10
178.473	-7.300	24.000	24.000	24.000	-2.400e+01	5.763e-10	-4.165e+10	-2.400e+01	-9.407e-10	2.551e+10
179.213	-7.400	24.000	24.000	24.000	-2.400e+01	5.380e-10	-4.461e+10	-2.400e+01	-9.798e-10	2.449e+10
179.958	-7.500	24.000	24.000	24.000	-2.400e+01	5.595e-10	-4.289e+10	-2.400e+01	-9.343e-10	2.569e+10
180.699	-7.600	24.000	24.000	24.000	-2.400e+01	5.437e-10	-4.414e+10	-2.400e+01	-9.670e-10	2.482e+10
181.426	-7.700	24.000	24.000	24.000	-2.400e+01	5.469e-10	-4.388e+10	-2.400e+01	-9.438e-10	2.543e+10
182.163	-7.800	24.000	24.000	24.000	-2.400e+01	5.380e-10	-4.461e+10	-2.400e+01	-9.207e-10	2.607e+10
182.903	-7.900	24.000	24.000	24.000	-2.400e+01	4.956e-10	-4.843e+10	-2.400e+01	-1.004e-09	2.390e+10
183.655	-8.000	24.000	24.000	24.000	-2.400e+01	5.724e-10	-4.193e+10	-2.400e+01	-9.399e-10	2.553e+10
184.615	-8.100	24.000	24.000	24.000	-2.400e+01	5.160e-10	-4.651e+10	-2.400e+01	-9.442e-10	2.542e+10
185.353	-8.200	24.000	24.000	24.000	-2.400e+01	5.508e-10	-4.357e+10	-2.400e+01	-9.692e-10	2.476e+10
186.093	-8.300	24.000	24.000	24.000	-2.400e+01	5.336e-10	-4.498e+10	-2.400e+01	-8.975e-10	2.674e+10
186.827	-8.400	24.000	24.000	24.000	-2.400e+01	5.355e-10	-4.482e+10	-2.400e+01	-9.581e-10	2.505e+10
187.827	-8.500	24.000	24.000	24.000	-2.400e+01	5.649e-10	-4.249e+10	-2.400e+01	-9.535e-10	2.517e+10
188.583	-8.600	24.000	24.000	24.000	-2.400e+01	5.255e-10	-4.567e+10	-2.400e+01	-9.831e-10	2.441e+10
189.323	-8.700	24.000	24.000	24.000	-2.400e+01	5.402e-10	-4.443e+10	-2.400e+01	-9.339e-10	2.570e+10
190.056	-8.800	24.000	24.000	24.000	-2.400e+01	5.431e-10	-4.419e+10	-2.400e+01	-9.675e-10	2.481e+10
190.775	-8.900	24.000	24.000	24.000	-2.400e+01	5.606e-10	-4.281e+10	-2.400e+01	-9.817e-10	2.445e+10
191.524	-9.000	24.000	24.000	24.000	-2.400e+01	5.550e-10	-4.325e+10	-2.400e+01	-9.925e-10	2.418e+10
192.413	-9.100	24.000	24.000	24.000	-2.400e+01	5.642e-10	-4.254e+10	-2.400e+01	-9.639e-10	2.490e+10
193.153	-9.200	24.000	24.000	24.000	-2.400e+01	5.437e-10	-4.414e+10	-2.400e+01	-9.745e-10	2.463e+10
194.237	-9.300	24.000	24.000	24.000	-2.400e+01	5.287e-10	-4.540e+10	-2.400e+01	-9.766e-10	2.458e+10
194.973	-9.400	24.000	24.000	24.000	-2.400e+01	5.411e-10	-4.435e+10	-2.400e+01	-9.661e-10	2.484e+10
195.715	-9.500	24.000	24.000	24.000	-2.400e+01	5.322e-10	-4.510e+10	-2.400e+01	-9.241e-10	2.597e+10
196.454	-9.600	24.000	24.000	24.000	-2.400e+01	5.112e-10	-4.695e+10	-2.400e+01	-9.618e-10	2.495e+10
197.193	-9.700	24.000	24.000	24.000	-2.400e+01	5.314e-10	-4.516e+10	-2.400e+01	-9.566e-10	2.509e+10
197.934	-9.800	24.000	24.000	24.000	-2.400e+01	5.843e-10	-4.108e+10	-2.400e+01	-9.466e-10	2.535e+10
198.674	-9.900	24.000	24.000	24.000	-2.400e+01	5.295e-10	-4.533e+10	-2.400e+01	-9.746e-10	2.462e+10
199.467	-10.000	24.000	24.000	24.000	-2.400e+01	5.226e-10	-4.593e+10	-2.400e+01	-9.484e-10	2.530e+10
200.259	-10.100	24.000	24.000	24.000	-2.400e+01	5.613e-10	-4.276e+10	-2.400e+01	-9.492e-10	2.528e+10
201.003	-10.200	24.000	24.000	24.000	-2.400e+01	5.146e-10	-4.664e+10	-2.400e+01	-9.430e-10	2.545e+10
201.748	-10.300	24.000	24.000	24.000	-2.400e+01	5.534e-10	-4.337e+10	-2.400e+01	-9.988e-10	2.403e+10
202.884	-10.400	24.000	24.000	24.000	-2.400e+01	5.164e-10	-4.648e+10	-2.400e+01	-9.363e-10	2.563e+10
203.643	-10.500	24.000	24.000	24.000	-2.400e+01	5.232e-10	-4.587e+10	-2.400e+01	-9.538e-10	2.516e+10
204.377	-10.600	24.000	24.000	24.000	-2.400e+01	5.339e-10	-4.495e+10	-2.400e+01	-9.563e-10	2.510e+10
205.117	-10.700	24.000	24.000	24.000	-2.400e+01	5.333e-10	-4.500e+10	-2.400e+01	-9.822e-10	2.443e+10
205.853	-10.800	24.000	24.000	24.000	-2.400e+01	5.121e-10	-4.686e+10	-2.400e+01	-9.385e-10	2.557e+10
206.615	-10.900	24.000	24.000	24.000	-2.400e+01	5.206e-10	-4.610e+10	-2.400e+01	-9.663e-10	2.484e+10
207.353	-11.000	24.000	24.000	24.000	-2.400e+01	5.115e-10	-4.692e+10	-2.400e+01	-9.824e-10	2.443e+10
208.304	-11.100	24.000	24.000	24.000	-2.400e+01	5.251e-10	-4.571e+10	-2.400e+01	-9.762e-10	2.459e+10
209.043	-11.200	24.000	24.000	24.000	-2.400e+01	4.945e-10	-4.854e+10	-2.400e+01	-9.496e-10	2.527e+10
209.784	-11.300	24.000	24.000	24.000	-2.400e+01	5.120e-10	-4.687e+10	-2.400e+01	-9.859e-10	2.434e+10
210.803	-11.400	24.000	24.000	24.000	-2.400e+01	5.306e-10	-4.523e+10	-2.400e+01	-9.672e-10	2.481e+10
211.548	-11.500	24.000	24.000	24.000	-2.400e+01	5.399e-10	-4.445e+10	-2.400e+01	-9.300e-10	2.581e+10
212.288	-11.600	24.000	24.000	24.000	-2.400e+01	5.557e-10	-4.319e+10	-2.400e+01	-9.875e-10	2.430e+10
213.034	-11.700	24.000	24.000	24.000	-2.400e+01	5.093e-10	-4.712e+10	-2.400e+01	-9.289e-10	2.584e+10
213.774	-11.800	24.000	24.000	24.000	-2.400e+01	5.378e-10	-4.462e+10	-2.400e+01	-9.554e-10	2.512e+10
214.525	-11.900	24.000	24.000	24.000	-2.400e+01	5.227e-10	-4.591e+10	-2.400e+01	-9.647e-10	2.488e+10
215.245	-12.000	24.000	24.000	24.000	-2.400e+01	4.893e-10	-4.905e+10	-2.400e+01	-9.875e-10	2.430e+10
215.984	-12.100	24.000	24.000	24.000	-2.400e+01	5.599e-10	-4.287e+10	-2.400e+01	-9.704e-10	2.473e+10
217.104	-12.200	24.000	24.000	24.000	-2.400e+01	5.528e-10	-4.342e+10	-2.400e+01	-9.473e-10	2.534e+10
217.874	-12.300	24.000	24.000	24.000	-2.400e+01	4.933e-10	-4.865e+10	-2.400e+01	-9.617e-10	2.495e+10
218.775	-12.400	24.000	24.000	24.000	-2.400e+01	5.145e-10	-4.665e+10	-2.400e+01	-9.405e-10	2.552e+10
219.525	-12.500	24.000	24.000	24.000	-2.400e+01	5.243e-10	-4.578e+10	-2.400e+01	-9.384e-10	2.558e+10
220.264	-12.600	24.000	24.000	24.000	-2.400e+01	5.029e-10	-4.772e+10	-2.400e+01	-9.803e-10	2.448e+10
221.004	-12.700	24.000	24.000	24.000	-2.400e+01	5.386e-10	-4.456e+10	-2.400e+01	-9.539e-10	2.516e+10
221.744	-12.800	24.000	24.000	24.000	-2.400e+01	5.572e-10	-4.307e+10	-2.400e+01	-9.874e-10	2.431e+10
222.525	-12.900	24.000	24.000	24.000	-2.400e+01	5.238e-10	-4.582e+10	-2.400e+01	-9.464e-10	2.536e+10
223.458	-13.000	24.000	24.000	24.000	-2.400e+01	5.627e-10	-4.265e+10	-2.400e+01	-9.809e-10	2.447e+10
224.498	-13.100	24.000	24.000	24.000	-2.400e+01	5.138e-10	-4.671e+10	-2.400e+01	-9.819e-10	2.444e+10
225.234	-13.200	24.000	24.000	24.000	-2.400e+01	5.809e-10	-4.132e+10	-2.400e+01	-9.522e-10	2.520e+10
225.956	-13.300	24.000	24.000	24.000	-2.400e+01	5.157e-10	-4.654e+10	-2.400e+01	-9.732e-10	2.466e+10
226.688	-13.400	24.000	24.000	24.000	-2.400e+01	5.187e-10	-4.627e+10	-2.400e+01	-1.001e-09	2.397e+10
227.417	-13.500	24.000	24.000	24.000	-2.400e+01	5.179e-10	-4.634e+10	-2.400e+01	-9.518e-10	2.522e+10
228.147	-13.600	24.000	24.000	24.000	-2.400e+01	5.097e-10	-4.708e+10	-2.400e+01	-9.631e-10	2.492e+10
228.878	-13.700	24.000	24.000	24.000	-2.400e+01	5.194e-10	-4.621e+10	-2.400e+01	-9.887e-10	2.427e+10
229.634	-13.800	24.000	24.000	24.000	-2.400e+01	5.594e-10	-4.291e+10	-2.400e+01	-9.691e-10	2.476e+10
230.427	-13.900	24.000	24.000	24.000	-2.400e+01	5.036e-10	-4.766e+10	-2.400e+01	-1.019e-09	2.354e+10
231.164	-14.000	24.000	24.000	24.000	-2.400e+01	5.206e-10	-4.610e+10	-2.400e+01	-9.852e-10	2.436e+10
231.904	-14.100	24.000	24.000	24.000	-2.400e+01	5.556e-10	-4.320e+10	-2.400e+01	-9.614e-10	2.496e+10
232.656	-14.200	24.000	24.000	24.000	-2.400e+01	5.166e-10	-4.645e+10	-2.400e+01	-9.700e-10	2.474e+10
233.394	-14.300	24.000	24.000	24.000	-2.400e+01	5.059e-10	-4.744e+10	-2.400e+01	-9.854e-10	2.436e+10
234.134	-14.400	24.000	24.000	24.000	-2.400e+01	5.425e-10	-4.424e+10	-2.400e+01	-9.616e-10	2.496e+10
235.054	-14.500	24.000	24.000	24.000	-2.400e+01	5.259e-10	-4.564e+10	-2.400e+01	-9.500e-10	2.526e+10
235.794	-14.600	24.000	24.000	24.000	-2.400e+01	4.943e-10	-4.855e+10	-2.400e+01	-9.773e-10	2.456e+10
236.543	-14.700	24.000	24.000	24.000	-2.400e+01	5.994e-10	-4.004e+10	-2.400e+01	-9.610e-10	2.498e+10
237.284	-14.800	24.000	24.000	24.000	-2.400e+01	5.503e-10	-4.361e+10	-2.400e+01	-9.762e-10	2.458e+10
238.045	-14.900	24.000	24.000	24.000	-2.400e+01	5.653e-10	-4.246e+10	-2.400e+01	-1.008e-09	2.381e+10
238.904	-15.000	24.000	24.000	24.000	-2.400e+01	5.358e-10	-4.479e+10	-2.400e+01	-9.796e-10	2.450e+10
