time, s	APT pos, mm	APL pos, mm	APR pos, mm	APB pos, mm	TH1992B_1.VOLT1	TH1992B_1.CURR1	TH1992B_1.RES1	TH1992B_1.VOLT2	TH1992B_1.CURR2	TH1992B_1.RES2
0.149	-15.000	24.000	24.000	24.000	-2.400e+01	6.054e-10	-3.964e+10	-2.400e+01	-9.083e-10	2.642e+10
1.368	-14.900	24.000	24.000	24.000	-2.400e+01	5.425e-10	-4.424e+10	-2.400e+01	-9.795e-10	2.450e+10
2.072	-14.800	24.000	24.000	24.000	-2.400e+01	5.399e-10	-4.446e+10	-2.400e+01	-9.409e-10	2.551e+10
2.778	-14.700	24.000	24.000	24.000	-2.400e+01	5.367e-10	-4.472e+10	-2.400e+01	-9.712e-10	2.471e+10
3.469	-14.600	24.000	24.000	24.000	-2.400e+01	5.235e-10	-4.585e+10	-2.400e+01	-1.002e-09	2.395e+10
4.172	-14.500	24.000	24.000	24.000	-2.400e+01	5.260e-10	-4.563e+10	-2.400e+01	-9.871e-10	2.431e+10
4.908	-14.400	24.000	24.000	24.000	-2.400e+01	5.042e-10	-4.760e+10	-2.400e+01	-9.742e-10	2.464e+10
5.622	-14.300	24.000	24.000	24.000	-2.400e+01	5.071e-10	-4.733e+10	-2.400e+01	-9.835e-10	2.440e+10
6.339	-14.200	24.000	24.000	24.000	-2.400e+01	5.546e-10	-4.327e+10	-2.400e+01	-9.790e-10	2.452e+10
7.052	-14.100	24.000	24.000	24.000	-2.400e+01	6.020e-10	-3.987e+10	-2.400e+01	-9.746e-10	2.463e+10
7.779	-14.000	24.000	24.000	24.000	-2.400e+01	5.446e-10	-4.407e+10	-2.400e+01	-9.599e-10	2.500e+10
8.499	-13.900	24.000	24.000	24.000	-2.400e+01	5.704e-10	-4.208e+10	-2.400e+01	-9.403e-10	2.552e+10
9.222	-13.800	24.000	24.000	24.000	-2.400e+01	4.948e-10	-4.851e+10	-2.400e+01	-9.477e-10	2.532e+10
9.950	-13.700	24.000	24.000	24.000	-2.400e+01	5.116e-10	-4.691e+10	-2.400e+01	-9.833e-10	2.441e+10
10.672	-13.600	24.000	24.000	24.000	-2.400e+01	4.922e-10	-4.876e+10	-2.400e+01	-9.863e-10	2.433e+10
11.402	-13.500	24.000	24.000	24.000	-2.400e+01	5.250e-10	-4.572e+10	-2.400e+01	-9.816e-10	2.445e+10
12.139	-13.400	24.000	24.000	24.000	-2.400e+01	5.510e-10	-4.356e+10	-2.400e+01	-9.485e-10	2.530e+10
12.899	-13.300	24.000	24.000	24.000	-2.400e+01	5.231e-10	-4.588e+10	-2.400e+01	-9.748e-10	2.462e+10
13.639	-13.200	24.000	24.000	24.000	-2.400e+01	5.695e-10	-4.214e+10	-2.400e+01	-9.938e-10	2.415e+10
14.379	-13.100	24.000	24.000	24.000	-2.400e+01	5.411e-10	-4.435e+10	-2.400e+01	-9.760e-10	2.459e+10
15.189	-13.000	24.000	24.000	24.000	-2.400e+01	5.500e-10	-4.363e+10	-2.400e+01	-9.903e-10	2.424e+10
15.931	-12.900	24.000	24.000	24.000	-2.400e+01	5.081e-10	-4.723e+10	-2.400e+01	-9.589e-10	2.503e+10
16.669	-12.800	24.000	24.000	24.000	-2.400e+01	5.178e-10	-4.635e+10	-2.400e+01	-9.827e-10	2.442e+10
17.409	-12.700	24.000	24.000	24.000	-2.400e+01	5.348e-10	-4.488e+10	-2.400e+01	-9.787e-10	2.452e+10
18.149	-12.600	24.000	24.000	24.000	-2.400e+01	5.087e-10	-4.718e+10	-2.400e+01	-9.858e-10	2.435e+10
18.909	-12.500	24.000	24.000	24.000	-2.400e+01	5.351e-10	-4.485e+10	-2.400e+01	-9.430e-10	2.545e+10
19.642	-12.400	24.000	24.000	24.000	-2.400e+01	5.219e-10	-4.599e+10	-2.400e+01	-9.482e-10	2.531e+10
20.441	-12.300	24.000	24.000	24.000	-2.400e+01	5.377e-10	-4.463e+10	-2.400e+01	-9.693e-10	2.476e+10
21.180	-12.200	24.000	24.000	24.000	-2.400e+01	5.724e-10	-4.193e+10	-2.400e+01	-9.247e-10	2.595e+10
21.930	-12.100	24.000	24.000	24.000	-2.400e+01	5.061e-10	-4.742e+10	-2.400e+01	-9.872e-10	2.431e+10
22.679	-12.000	24.000	24.000	24.000	-2.400e+01	5.540e-10	-4.332e+10	-2.400e+01	-9.435e-10	2.544e+10
23.420	-11.900	24.000	24.000	24.000	-2.400e+01	5.286e-10	-4.540e+10	-2.400e+01	-9.122e-10	2.631e+10
24.159	-11.800	24.000	24.000	24.000	-2.400e+01	5.586e-10	-4.297e+10	-2.400e+01	-9.513e-10	2.523e+10
24.912	-11.700	24.000	24.000	24.000	-2.400e+01	5.508e-10	-4.358e+10	-2.400e+01	-1.002e-09	2.394e+10
25.663	-11.600	24.000	24.000	24.000	-2.400e+01	5.306e-10	-4.523e+10	-2.400e+01	-9.592e-10	2.502e+10
26.406	-11.500	24.000	24.000	24.000	-2.400e+01	5.388e-10	-4.455e+10	-2.400e+01	-9.759e-10	2.459e+10
27.149	-11.400	24.000	24.000	24.000	-2.400e+01	5.265e-10	-4.558e+10	-2.400e+01	-1.017e-09	2.360e+10
27.919	-11.300	24.000	24.000	24.000	-2.400e+01	5.829e-10	-4.117e+10	-2.400e+01	-9.741e-10	2.464e+10
28.663	-11.200	24.000	24.000	24.000	-2.400e+01	5.875e-10	-4.085e+10	-2.400e+01	-9.803e-10	2.448e+10
29.409	-11.100	24.000	24.000	24.000	-2.400e+01	5.471e-10	-4.387e+10	-2.400e+01	-9.534e-10	2.517e+10
30.170	-11.000	24.000	24.000	24.000	-2.400e+01	5.612e-10	-4.276e+10	-2.400e+01	-9.066e-10	2.647e+10
30.929	-10.900	24.000	24.000	24.000	-2.400e+01	4.908e-10	-4.890e+10	-2.400e+01	-9.471e-10	2.534e+10
31.670	-10.800	24.000	24.000	24.000	-2.400e+01	5.159e-10	-4.652e+10	-2.400e+01	-9.694e-10	2.476e+10
32.409	-10.700	24.000	24.000	24.000	-2.400e+01	5.556e-10	-4.320e+10	-2.400e+01	-9.949e-10	2.412e+10
33.133	-10.600	24.000	24.000	24.000	-2.400e+01	5.110e-10	-4.697e+10	-2.400e+01	-9.975e-10	2.406e+10
33.890	-10.500	24.000	24.000	24.000	-2.400e+01	5.089e-10	-4.716e+10	-2.400e+01	-9.762e-10	2.458e+10
34.629	-10.400	24.000	24.000	24.000	-2.400e+01	5.252e-10	-4.569e+10	-2.400e+01	-9.826e-10	2.443e+10
35.370	-10.300	24.000	24.000	24.000	-2.400e+01	5.813e-10	-4.129e+10	-2.400e+01	-9.125e-10	2.630e+10
36.109	-10.200	24.000	24.000	24.000	-2.400e+01	5.196e-10	-4.619e+10	-2.400e+01	-9.268e-10	2.590e+10
36.869	-10.100	24.000	24.000	24.000	-2.400e+01	5.476e-10	-4.383e+10	-2.400e+01	-9.731e-10	2.466e+10
37.609	-10.000	24.000	24.000	24.000	-2.400e+01	5.227e-10	-4.592e+10	-2.400e+01	-9.453e-10	2.539e+10
38.350	-9.900	24.000	24.000	24.000	-2.400e+01	5.372e-10	-4.468e+10	-2.400e+01	-9.880e-10	2.429e+10
39.083	-9.800	24.000	24.000	24.000	-2.400e+01	5.393e-10	-4.450e+10	-2.400e+01	-9.910e-10	2.422e+10
39.811	-9.700	24.000	24.000	24.000	-2.400e+01	5.780e-10	-4.152e+10	-2.400e+01	-9.433e-10	2.544e+10
40.550	-9.600	24.000	24.000	24.000	-2.400e+01	5.404e-10	-4.441e+10	-2.400e+01	-9.537e-10	2.517e+10
41.289	-9.500	24.000	24.000	24.000	-2.400e+01	5.527e-10	-4.342e+10	-2.400e+01	-9.978e-10	2.405e+10
42.023	-9.400	24.000	24.000	24.000	-2.400e+01	5.185e-10	-4.629e+10	-2.400e+01	-9.995e-10	2.401e+10
42.753	-9.300	24.000	24.000	24.000	-2.400e+01	5.144e-10	-4.666e+10	-2.400e+01	-9.637e-10	2.490e+10
43.490	-9.200	24.000	24.000	24.000	-2.400e+01	5.323e-10	-4.509e+10	-2.400e+01	-9.344e-10	2.568e+10
44.230	-9.100	24.000	24.000	24.000	-2.400e+01	5.570e-10	-4.309e+10	-2.400e+01	-9.457e-10	2.538e+10
44.951	-9.000	24.000	24.000	24.000	-2.400e+01	5.254e-10	-4.568e+10	-2.400e+01	-9.703e-10	2.474e+10
45.690	-8.900	24.000	24.000	24.000	-2.400e+01	5.500e-10	-4.363e+10	-2.400e+01	-9.559e-10	2.511e+10
46.422	-8.800	24.000	24.000	24.000	-2.400e+01	5.705e-10	-4.207e+10	-2.400e+01	-9.573e-10	2.507e+10
47.140	-8.700	24.000	24.000	24.000	-2.400e+01	5.649e-10	-4.249e+10	-2.400e+01	-1.023e-09	2.346e+10
47.900	-8.600	24.000	24.000	24.000	-2.400e+01	5.993e-10	-4.005e+10	-2.400e+01	-1.012e-09	2.371e+10
48.630	-8.500	24.000	24.000	24.000	-2.400e+01	5.701e-10	-4.210e+10	-2.400e+01	-1.005e-09	2.388e+10
49.370	-8.400	24.000	24.000	24.000	-2.400e+01	5.206e-10	-4.611e+10	-2.400e+01	-9.928e-10	2.417e+10
50.162	-8.300	24.000	24.000	24.000	-2.400e+01	5.505e-10	-4.360e+10	-2.400e+01	-9.891e-10	2.426e+10
50.920	-8.200	24.000	24.000	24.000	-2.400e+01	5.489e-10	-4.373e+10	-2.400e+01	-1.006e-09	2.385e+10
51.659	-8.100	24.000	24.000	24.000	-2.400e+01	5.656e-10	-4.243e+10	-2.400e+01	-9.377e-10	2.560e+10
52.390	-8.000	24.000	24.000	24.000	-2.400e+01	5.491e-10	-4.371e+10	-2.400e+01	-9.779e-10	2.454e+10
53.130	-7.900	24.000	24.000	24.000	-2.400e+01	5.176e-10	-4.637e+10	-2.400e+01	-9.656e-10	2.486e+10
53.889	-7.800	24.000	24.000	24.000	-2.400e+01	5.293e-10	-4.534e+10	-2.400e+01	-9.437e-10	2.543e+10
54.630	-7.700	24.000	24.000	24.000	-2.400e+01	5.506e-10	-4.359e+10	-2.400e+01	-9.499e-10	2.527e+10
55.360	-7.600	24.000	24.000	24.000	-2.400e+01	5.438e-10	-4.413e+10	-2.400e+01	-9.895e-10	2.425e+10
56.100	-7.500	24.000	24.000	24.000	-2.400e+01	5.893e-10	-4.072e+10	-2.400e+01	-1.008e-09	2.382e+10
56.859	-7.400	24.000	24.000	24.000	-2.400e+01	5.457e-10	-4.398e+10	-2.400e+01	-9.315e-10	2.576e+10
57.600	-7.300	24.000	24.000	24.000	-2.400e+01	5.342e-10	-4.493e+10	-2.400e+01	-9.888e-10	2.427e+10
58.340	-7.200	24.000	24.000	24.000	-2.400e+01	5.677e-10	-4.227e+10	-2.400e+01	-1.025e-09	2.342e+10
59.073	-7.100	24.000	24.000	24.000	-2.400e+01	5.606e-10	-4.281e+10	-2.400e+01	-9.818e-10	2.444e+10
59.818	-7.000	24.000	24.000	24.000	-2.400e+01	5.733e-10	-4.186e+10	-2.400e+01	-9.367e-10	2.562e+10
60.560	-6.900	24.000	24.000	24.000	-2.400e+01	5.296e-10	-4.532e+10	-2.400e+01	-9.216e-10	2.604e+10
61.303	-6.800	24.000	24.000	24.000	-2.400e+01	5.383e-10	-4.458e+10	-2.400e+01	-9.603e-10	2.499e+10
62.041	-6.700	24.000	24.000	24.000	-2.400e+01	5.177e-10	-4.636e+10	-2.400e+01	-9.439e-10	2.543e+10
62.780	-6.600	24.000	24.000	24.000	-2.400e+01	5.447e-10	-4.406e+10	-2.400e+01	-9.099e-10	2.638e+10
63.520	-6.500	24.000	24.000	24.000	-2.400e+01	5.533e-10	-4.337e+10	-2.400e+01	-9.721e-10	2.469e+10
64.260	-6.400	24.000	24.000	24.000	-2.400e+01	5.306e-10	-4.523e+10	-2.400e+01	-9.532e-10	2.518e+10
65.002	-6.300	24.000	24.000	24.000	-2.400e+01	5.654e-10	-4.245e+10	-2.400e+01	-9.617e-10	2.495e+10
65.733	-6.200	24.000	24.000	24.000	-2.400e+01	5.294e-10	-4.533e+10	-2.400e+01	-9.679e-10	2.480e+10
66.470	-6.100	24.000	24.000	24.000	-2.400e+01	5.597e-10	-4.288e+10	-2.400e+01	-9.586e-10	2.504e+10
67.211	-6.000	24.000	24.000	24.000	-2.400e+01	5.368e-10	-4.471e+10	-2.400e+01	-9.220e-10	2.603e+10
67.932	-5.900	24.000	24.000	24.000	-2.400e+01	5.891e-10	-4.074e+10	-2.400e+01	-9.181e-10	2.614e+10
68.671	-5.800	24.000	24.000	24.000	-2.400e+01	5.522e-10	-4.346e+10	-2.400e+01	-9.304e-10	2.580e+10
69.394	-5.700	24.000	24.000	24.000	-2.400e+01	5.518e-10	-4.349e+10	-2.400e+01	-9.323e-10	2.574e+10
70.115	-5.600	24.000	24.000	24.000	-2.400e+01	5.584e-10	-4.298e+10	-2.400e+01	-9.301e-10	2.580e+10
70.831	-5.500	24.000	24.000	24.000	-2.400e+01	5.211e-10	-4.606e+10	-2.400e+01	-9.857e-10	2.435e+10
71.570	-5.400	24.000	24.000	24.000	-2.400e+01	5.106e-10	-4.700e+10	-2.400e+01	-9.519e-10	2.521e+10
72.311	-5.300	24.000	24.000	24.000	-2.400e+01	5.249e-10	-4.573e+10	-2.400e+01	-9.672e-10	2.481e+10
73.040	-5.200	24.000	24.000	24.000	-2.400e+01	5.389e-10	-4.453e+10	-2.400e+01	-9.798e-10	2.450e+10
73.781	-5.100	24.000	24.000	24.000	-2.400e+01	5.678e-10	-4.227e+10	-2.400e+01	-9.743e-10	2.463e+10
74.530	-5.000	24.000	24.000	24.000	-2.400e+01	5.219e-10	-4.598e+10	-2.400e+01	-9.149e-10	2.623e+10
75.270	-4.900	24.000	24.000	24.000	-2.400e+01	5.513e-10	-4.353e+10	-2.400e+01	-9.054e-10	2.651e+10
76.004	-4.800	24.000	24.000	24.000	-2.400e+01	5.543e-10	-4.330e+10	-2.400e+01	-9.596e-10	2.501e+10
76.740	-4.700	24.000	24.000	24.000	-2.400e+01	5.059e-10	-4.744e+10	-2.400e+01	-9.850e-10	2.437e+10
77.481	-4.600	24.000	24.000	24.000	-2.400e+01	5.481e-10	-4.379e+10	-2.400e+01	-9.302e-10	2.580e+10
78.225	-4.500	24.000	24.000	24.000	-2.400e+01	5.353e-10	-4.483e+10	-2.400e+01	-9.224e-10	2.602e+10
78.966	-4.400	24.000	24.000	24.000	-2.400e+01	6.358e-10	-3.775e+10	-2.400e+01	-9.107e-10	2.635e+10
79.710	-4.300	24.000	24.000	24.000	-2.400e+01	5.515e-10	-4.352e+10	-2.400e+01	-9.451e-10	2.539e+10
80.496	-4.200	24.000	24.000	24.000	-2.400e+01	5.797e-10	-4.140e+10	-2.400e+01	-9.437e-10	2.543e+10
81.241	-4.100	24.000	24.000	24.000	-2.400e+01	5.224e-10	-4.594e+10	-2.400e+01	-1.004e-09	2.390e+10
82.021	-4.000	24.000	24.000	24.000	-2.400e+01	5.832e-10	-4.115e+10	-2.400e+01	-9.600e-10	2.500e+10
82.761	-3.900	24.000	24.000	24.000	-2.400e+01	5.305e-10	-4.524e+10	-2.400e+01	-9.387e-10	2.557e+10
83.500	-3.800	24.000	24.000	24.000	-2.400e+01	5.090e-10	-4.715e+10	-2.400e+01	-9.602e-10	2.500e+10
84.241	-3.700	24.000	24.000	24.000	-2.400e+01	5.584e-10	-4.298e+10	-2.400e+01	-9.595e-10	2.501e+10
84.982	-3.600	24.000	24.000	24.000	-2.400e+01	5.419e-10	-4.428e+10	-2.400e+01	-9.475e-10	2.533e+10
85.731	-3.500	24.000	24.000	24.000	-2.400e+01	5.166e-10	-4.646e+10	-2.400e+01	-9.243e-10	2.597e+10
86.471	-3.400	24.000	24.000	24.000	-2.400e+01	5.385e-10	-4.457e+10	-2.400e+01	-9.571e-10	2.508e+10
87.204	-3.300	24.000	24.000	24.000	-2.400e+01	5.351e-10	-4.485e+10	-2.400e+01	-9.720e-10	2.469e+10
87.952	-3.200	24.000	24.000	24.000	-2.400e+01	5.460e-10	-4.396e+10	-2.400e+01	-9.179e-10	2.615e+10
88.701	-3.100	24.000	24.000	24.000	-2.400e+01	5.215e-10	-4.602e+10	-2.400e+01	-9.881e-10	2.429e+10
89.441	-3.000	24.000	24.000	24.000	-2.400e+01	5.377e-10	-4.463e+10	-2.400e+01	-9.609e-10	2.498e+10
90.181	-2.900	24.000	24.000	24.000	-2.400e+01	5.799e-10	-4.139e+10	-2.400e+01	-9.789e-10	2.452e+10
90.932	-2.800	24.000	24.000	24.000	-2.400e+01	5.504e-10	-4.360e+10	-2.400e+01	-9.585e-10	2.504e+10
91.681	-2.700	24.000	24.000	24.000	-2.400e+01	4.675e-10	-5.134e+10	-2.400e+01	-9.899e-10	2.424e+10
92.421	-2.600	24.000	24.000	24.000	-2.400e+01	5.428e-10	-4.422e+10	-2.400e+01	-9.689e-10	2.477e+10
93.154	-2.500	24.000	24.000	24.000	-2.400e+01	5.415e-10	-4.432e+10	-2.400e+01	-9.958e-10	2.410e+10
93.910	-2.400	24.000	24.000	24.000	-2.400e+01	5.825e-10	-4.120e+10	-2.400e+01	-9.654e-10	2.486e+10
94.651	-2.300	24.000	24.000	24.000	-2.400e+01	5.185e-10	-4.629e+10	-2.400e+01	-9.484e-10	2.531e+10
95.391	-2.200	24.000	24.000	24.000	-2.400e+01	5.390e-10	-4.453e+10	-2.400e+01	-1.031e-09	2.328e+10
96.131	-2.100	24.000	24.000	24.000	-2.400e+01	5.524e-10	-4.345e+10	-2.400e+01	-9.738e-10	2.465e+10
96.892	-2.000	24.000	24.000	24.000	-2.400e+01	5.053e-10	-4.750e+10	-2.400e+01	-9.910e-10	2.422e+10
97.631	-1.900	24.000	24.000	24.000	-2.400e+01	5.730e-10	-4.188e+10	-2.400e+01	-9.692e-10	2.476e+10
98.371	-1.800	24.000	24.000	24.000	-2.400e+01	5.889e-10	-4.075e+10	-2.400e+01	-9.502e-10	2.526e+10
99.112	-1.700	24.000	24.000	24.000	-2.400e+01	5.936e-10	-4.043e+10	-2.400e+01	-9.714e-10	2.471e+10
99.882	-1.600	24.000	24.000	24.000	-2.400e+01	5.561e-10	-4.316e+10	-2.400e+01	-9.805e-10	2.448e+10
100.631	-1.500	24.000	24.000	24.000	-2.400e+01	5.169e-10	-4.643e+10	-2.400e+01	-9.620e-10	2.495e+10
101.364	-1.400	24.000	24.000	24.000	-2.400e+01	5.572e-10	-4.307e+10	-2.400e+01	-9.636e-10	2.491e+10
102.111	-1.300	24.000	24.000	24.000	-2.400e+01	4.781e-10	-5.019e+10	-2.400e+01	-9.781e-10	2.454e+10
102.832	-1.200	24.000	24.000	24.000	-2.400e+01	5.672e-10	-4.232e+10	-2.400e+01	-9.371e-10	2.561e+10
103.575	-1.100	24.000	24.000	24.000	-2.400e+01	5.683e-10	-4.223e+10	-2.400e+01	-9.501e-10	2.526e+10
104.374	-1.000	24.000	24.000	24.000	-2.400e+01	5.077e-10	-4.728e+10	-2.400e+01	-9.505e-10	2.525e+10
105.122	-0.900	24.000	24.000	24.000	-2.400e+01	5.869e-10	-4.089e+10	-2.400e+01	-9.856e-10	2.435e+10
105.891	-0.800	24.000	24.000	24.000	-2.400e+01	5.418e-10	-4.429e+10	-2.400e+01	-1.001e-09	2.398e+10
106.631	-0.700	24.000	24.000	24.000	-2.400e+01	5.167e-10	-4.645e+10	-2.400e+01	-9.745e-10	2.463e+10
107.372	-0.600	24.000	24.000	24.000	-2.400e+01	5.389e-10	-4.453e+10	-2.400e+01	-9.561e-10	2.510e+10
108.121	-0.500	24.000	24.000	24.000	-2.400e+01	5.249e-10	-4.572e+10	-2.400e+01	-9.052e-10	2.651e+10
108.892	-0.400	24.000	24.000	24.000	-2.400e+01	5.779e-10	-4.153e+10	-2.400e+01	-9.662e-10	2.484e+10
109.631	-0.300	24.000	24.000	24.000	-2.400e+01	5.877e-10	-4.084e+10	-2.400e+01	-9.547e-10	2.514e+10
110.407	-0.200	24.000	24.000	24.000	-2.400e+01	5.238e-10	-4.582e+10	-2.400e+01	-9.514e-10	2.523e+10
111.151	-0.100	24.000	24.000	24.000	-2.400e+01	6.400e-10	-3.750e+10	-2.400e+01	-9.627e-10	2.493e+10
111.911	0.000	24.000	24.000	24.000	-2.400e+01	5.751e-10	-4.173e+10	-2.400e+01	-9.350e-10	2.567e+10
112.652	0.100	24.000	24.000	24.000	-2.400e+01	5.454e-10	-4.401e+10	-2.400e+01	-9.801e-10	2.449e+10
113.401	0.200	24.000	24.000	24.000	-2.400e+01	5.234e-10	-4.585e+10	-2.400e+01	-9.748e-10	2.462e+10
114.152	0.300	24.000	24.000	24.000	-2.400e+01	5.517e-10	-4.351e+10	-2.400e+01	-9.634e-10	2.491e+10
114.921	0.400	24.000	24.000	24.000	-2.400e+01	5.278e-10	-4.547e+10	-2.400e+01	-9.560e-10	2.511e+10
115.661	0.500	24.000	24.000	24.000	-2.400e+01	5.404e-10	-4.441e+10	-2.400e+01	-1.017e-09	2.359e+10
116.411	0.600	24.000	24.000	24.000	-2.400e+01	5.588e-10	-4.295e+10	-2.400e+01	-9.736e-10	2.465e+10
117.145	0.700	24.000	24.000	24.000	-2.400e+01	5.498e-10	-4.366e+10	-2.400e+01	-9.864e-10	2.433e+10
117.911	0.800	24.000	24.000	24.000	-2.400e+01	5.702e-10	-4.209e+10	-2.400e+01	-9.406e-10	2.551e+10
118.651	0.900	24.000	24.000	24.000	-2.400e+01	5.110e-10	-4.696e+10	-2.400e+01	-9.897e-10	2.425e+10
119.545	1.000	24.000	24.000	24.000	-2.400e+01	5.664e-10	-4.237e+10	-2.400e+01	-9.916e-10	2.420e+10
120.292	1.100	24.000	24.000	24.000	-2.400e+01	5.548e-10	-4.326e+10	-2.400e+01	-9.163e-10	2.619e+10
121.042	1.200	24.000	24.000	24.000	-2.400e+01	5.484e-10	-4.377e+10	-2.400e+01	-9.628e-10	2.493e+10
121.781	1.300	24.000	24.000	24.000	-2.400e+01	5.562e-10	-4.315e+10	-2.400e+01	-9.397e-10	2.554e+10
122.522	1.400	24.000	24.000	24.000	-2.400e+01	5.064e-10	-4.739e+10	-2.400e+01	-1.009e-09	2.379e+10
123.261	1.500	24.000	24.000	24.000	-2.400e+01	5.696e-10	-4.214e+10	-2.400e+01	-9.634e-10	2.491e+10
124.003	1.600	24.000	24.000	24.000	-2.400e+01	5.140e-10	-4.669e+10	-2.400e+01	-9.986e-10	2.403e+10
124.745	1.700	24.000	24.000	24.000	-2.400e+01	5.249e-10	-4.572e+10	-2.400e+01	-9.930e-10	2.417e+10
125.481	1.800	24.000	24.000	24.000	-2.400e+01	5.487e-10	-4.374e+10	-2.400e+01	-9.781e-10	2.454e+10
126.223	1.900	24.000	24.000	24.000	-2.400e+01	5.587e-10	-4.296e+10	-2.400e+01	-9.341e-10	2.569e+10
126.953	2.000	24.000	24.000	24.000	-2.400e+01	5.106e-10	-4.701e+10	-2.400e+01	-9.831e-10	2.441e+10
127.672	2.100	24.000	24.000	24.000	-2.400e+01	5.453e-10	-4.401e+10	-2.400e+01	-9.956e-10	2.411e+10
128.412	2.200	24.000	24.000	24.000	-2.400e+01	5.180e-10	-4.633e+10	-2.400e+01	-9.659e-10	2.485e+10
129.152	2.300	24.000	24.000	24.000	-2.400e+01	5.485e-10	-4.375e+10	-2.400e+01	-9.730e-10	2.467e+10
129.911	2.400	24.000	24.000	24.000	-2.400e+01	5.575e-10	-4.305e+10	-2.400e+01	-9.906e-10	2.423e+10
130.651	2.500	24.000	24.000	24.000	-2.400e+01	5.214e-10	-4.603e+10	-2.400e+01	-9.756e-10	2.460e+10
131.402	2.600	24.000	24.000	24.000	-2.400e+01	5.585e-10	-4.297e+10	-2.400e+01	-9.657e-10	2.485e+10
132.141	2.700	24.000	24.000	24.000	-2.400e+01	5.722e-10	-4.194e+10	-2.400e+01	-1.022e-09	2.348e+10
132.901	2.800	24.000	24.000	24.000	-2.400e+01	5.598e-10	-4.287e+10	-2.400e+01	-1.019e-09	2.356e+10
133.623	2.900	24.000	24.000	24.000	-2.400e+01	5.294e-10	-4.533e+10	-2.400e+01	-9.897e-10	2.425e+10
134.362	3.000	24.000	24.000	24.000	-2.400e+01	5.311e-10	-4.519e+10	-2.400e+01	-9.774e-10	2.455e+10
135.102	3.100	24.000	24.000	24.000	-2.400e+01	5.677e-10	-4.227e+10	-2.400e+01	-9.406e-10	2.552e+10
135.854	3.200	24.000	24.000	24.000	-2.400e+01	5.470e-10	-4.388e+10	-2.400e+01	-9.451e-10	2.539e+10
136.595	3.300	24.000	24.000	24.000	-2.400e+01	5.485e-10	-4.375e+10	-2.400e+01	-9.880e-10	2.429e+10
137.342	3.400	24.000	24.000	24.000	-2.400e+01	5.738e-10	-4.183e+10	-2.400e+01	-1.010e-09	2.376e+10
138.075	3.500	24.000	24.000	24.000	-2.400e+01	5.582e-10	-4.300e+10	-2.400e+01	-1.018e-09	2.357e+10
138.822	3.600	24.000	24.000	24.000	-2.400e+01	5.491e-10	-4.371e+10	-2.400e+01	-9.965e-10	2.408e+10
139.562	3.700	24.000	24.000	24.000	-2.400e+01	5.778e-10	-4.154e+10	-2.400e+01	-9.513e-10	2.523e+10
140.365	3.800	24.000	24.000	24.000	-2.400e+01	5.500e-10	-4.363e+10	-2.400e+01	-9.720e-10	2.469e+10
141.102	3.900	24.000	24.000	24.000	-2.400e+01	5.319e-10	-4.512e+10	-2.400e+01	-9.986e-10	2.403e+10
141.862	4.000	24.000	24.000	24.000	-2.400e+01	5.186e-10	-4.628e+10	-2.400e+01	-9.758e-10	2.459e+10
142.602	4.100	24.000	24.000	24.000	-2.400e+01	5.987e-10	-4.008e+10	-2.400e+01	-9.444e-10	2.541e+10
143.352	4.200	24.000	24.000	24.000	-2.400e+01	5.541e-10	-4.331e+10	-2.400e+01	-1.005e-09	2.388e+10
144.103	4.300	24.000	24.000	24.000	-2.400e+01	5.106e-10	-4.700e+10	-2.400e+01	-9.761e-10	2.459e+10
144.861	4.400	24.000	24.000	24.000	-2.400e+01	5.610e-10	-4.278e+10	-2.400e+01	-9.570e-10	2.508e+10
145.602	4.500	24.000	24.000	24.000	-2.400e+01	5.176e-10	-4.636e+10	-2.400e+01	-9.980e-10	2.405e+10
146.342	4.600	24.000	24.000	24.000	-2.400e+01	5.393e-10	-4.450e+10	-2.400e+01	-9.599e-10	2.500e+10
147.073	4.700	24.000	24.000	24.000	-2.400e+01	5.540e-10	-4.332e+10	-2.400e+01	-9.271e-10	2.589e+10
147.822	4.800	24.000	24.000	24.000	-2.400e+01	5.645e-10	-4.251e+10	-2.400e+01	-9.910e-10	2.422e+10
148.553	4.900	24.000	24.000	24.000	-2.400e+01	5.353e-10	-4.483e+10	-2.400e+01	-1.013e-09	2.369e+10
149.293	5.000	24.000	24.000	24.000	-2.400e+01	5.706e-10	-4.206e+10	-2.400e+01	-1.033e-09	2.323e+10
150.032	5.100	24.000	24.000	24.000	-2.400e+01	5.149e-10	-4.661e+10	-2.400e+01	-1.025e-09	2.343e+10
150.773	5.200	24.000	24.000	24.000	-2.400e+01	5.529e-10	-4.341e+10	-2.400e+01	-9.580e-10	2.505e+10
151.512	5.300	24.000	24.000	24.000	-2.400e+01	5.735e-10	-4.185e+10	-2.400e+01	-9.896e-10	2.425e+10
152.253	5.400	24.000	24.000	24.000	-2.400e+01	5.471e-10	-4.387e+10	-2.400e+01	-1.054e-09	2.278e+10
152.993	5.500	24.000	24.000	24.000	-2.400e+01	5.760e-10	-4.167e+10	-2.400e+01	-1.005e-09	2.388e+10
153.735	5.600	24.000	24.000	24.000	-2.400e+01	5.626e-10	-4.266e+10	-2.400e+01	-1.009e-09	2.378e+10
154.476	5.700	24.000	24.000	24.000	-2.400e+01	5.690e-10	-4.218e+10	-2.400e+01	-9.884e-10	2.428e+10
155.222	5.800	24.000	24.000	24.000	-2.400e+01	5.890e-10	-4.075e+10	-2.400e+01	-1.011e-09	2.374e+10
155.974	5.900	24.000	24.000	24.000	-2.400e+01	5.674e-10	-4.230e+10	-2.400e+01	-1.001e-09	2.399e+10
156.722	6.000	24.000	24.000	24.000	-2.400e+01	5.389e-10	-4.454e+10	-2.400e+01	-9.852e-10	2.436e+10
157.476	6.100	24.000	24.000	24.000	-2.400e+01	5.357e-10	-4.480e+10	-2.400e+01	-9.952e-10	2.412e+10
158.216	6.200	24.000	24.000	24.000	-2.400e+01	5.897e-10	-4.070e+10	-2.400e+01	-9.939e-10	2.415e+10
158.964	6.300	24.000	24.000	24.000	-2.400e+01	5.254e-10	-4.568e+10	-2.400e+01	-9.794e-10	2.451e+10
159.706	6.400	24.000	24.000	24.000	-2.400e+01	5.263e-10	-4.560e+10	-2.400e+01	-9.474e-10	2.533e+10
160.433	6.500	24.000	24.000	24.000	-2.400e+01	5.705e-10	-4.207e+10	-2.400e+01	-1.002e-09	2.395e+10
161.183	6.600	24.000	24.000	24.000	-2.400e+01	5.455e-10	-4.400e+10	-2.400e+01	-9.970e-10	2.407e+10
161.913	6.700	24.000	24.000	24.000	-2.400e+01	5.529e-10	-4.341e+10	-2.400e+01	-1.000e-09	2.399e+10
162.653	6.800	24.000	24.000	24.000	-2.400e+01	5.603e-10	-4.283e+10	-2.400e+01	-9.990e-10	2.402e+10
163.402	6.900	24.000	24.000	24.000	-2.400e+01	5.720e-10	-4.196e+10	-2.400e+01	-9.878e-10	2.430e+10
164.153	7.000	24.000	24.000	24.000	-2.400e+01	5.503e-10	-4.361e+10	-2.400e+01	-1.019e-09	2.356e+10
164.916	7.100	24.000	24.000	24.000	-2.400e+01	5.500e-10	-4.364e+10	-2.400e+01	-9.766e-10	2.457e+10
165.662	7.200	24.000	24.000	24.000	-2.400e+01	5.385e-10	-4.457e+10	-2.400e+01	-1.031e-09	2.328e+10
166.413	7.300	24.000	24.000	24.000	-2.400e+01	5.719e-10	-4.196e+10	-2.400e+01	-9.702e-10	2.474e+10
167.162	7.400	24.000	24.000	24.000	-2.400e+01	5.346e-10	-4.489e+10	-2.400e+01	-9.825e-10	2.443e+10
167.932	7.500	24.000	24.000	24.000	-2.400e+01	5.669e-10	-4.233e+10	-2.400e+01	-9.981e-10	2.405e+10
168.665	7.600	24.000	24.000	24.000	-2.400e+01	5.091e-10	-4.714e+10	-2.400e+01	-9.927e-10	2.418e+10
169.413	7.700	24.000	24.000	24.000	-2.400e+01	5.627e-10	-4.265e+10	-2.400e+01	-9.644e-10	2.489e+10
170.217	7.800	24.000	24.000	24.000	-2.400e+01	5.368e-10	-4.471e+10	-2.400e+01	-1.008e-09	2.381e+10
170.944	7.900	24.000	24.000	24.000	-2.400e+01	5.145e-10	-4.665e+10	-2.400e+01	-9.790e-10	2.452e+10
171.693	8.000	24.000	24.000	24.000	-2.400e+01	5.479e-10	-4.380e+10	-2.400e+01	-9.948e-10	2.413e+10
172.442	8.100	24.000	24.000	24.000	-2.400e+01	5.651e-10	-4.247e+10	-2.400e+01	-1.009e-09	2.378e+10
173.193	8.200	24.000	24.000	24.000	-2.400e+01	5.213e-10	-4.604e+10	-2.400e+01	-9.519e-10	2.521e+10
173.923	8.300	24.000	24.000	24.000	-2.400e+01	5.738e-10	-4.183e+10	-2.400e+01	-9.409e-10	2.551e+10
174.673	8.400	24.000	24.000	24.000	-2.400e+01	4.851e-10	-4.947e+10	-2.400e+01	-9.874e-10	2.431e+10
175.416	8.500	24.000	24.000	24.000	-2.400e+01	4.877e-10	-4.921e+10	-2.400e+01	-9.649e-10	2.487e+10
176.156	8.600	24.000	24.000	24.000	-2.400e+01	5.524e-10	-4.344e+10	-2.400e+01	-9.622e-10	2.494e+10
176.923	8.700	24.000	24.000	24.000	-2.400e+01	5.613e-10	-4.276e+10	-2.400e+01	-1.008e-09	2.380e+10
177.662	8.800	24.000	24.000	24.000	-2.400e+01	5.580e-10	-4.301e+10	-2.400e+01	-9.599e-10	2.500e+10
178.413	8.900	24.000	24.000	24.000	-2.400e+01	5.392e-10	-4.451e+10	-2.400e+01	-9.504e-10	2.525e+10
179.163	9.000	24.000	24.000	24.000	-2.400e+01	5.648e-10	-4.249e+10	-2.400e+01	-9.666e-10	2.483e+10
179.922	9.100	24.000	24.000	24.000	-2.400e+01	5.401e-10	-4.444e+10	-2.400e+01	-9.928e-10	2.417e+10
180.667	9.200	24.000	24.000	24.000	-2.400e+01	5.572e-10	-4.307e+10	-2.400e+01	-9.980e-10	2.405e+10
181.413	9.300	24.000	24.000	24.000	-2.400e+01	5.187e-10	-4.627e+10	-2.400e+01	-9.637e-10	2.490e+10
182.127	9.400	24.000	24.000	24.000	-2.400e+01	5.444e-10	-4.408e+10	-2.400e+01	-9.668e-10	2.482e+10
182.893	9.500	24.000	24.000	24.000	-2.400e+01	5.551e-10	-4.323e+10	-2.400e+01	-9.893e-10	2.426e+10
183.636	9.600	24.000	24.000	24.000	-2.400e+01	5.458e-10	-4.397e+10	-2.400e+01	-9.857e-10	2.435e+10
184.383	9.700	24.000	24.000	24.000	-2.400e+01	5.339e-10	-4.495e+10	-2.400e+01	-1.007e-09	2.384e+10
185.133	9.800	24.000	24.000	24.000	-2.400e+01	5.808e-10	-4.132e+10	-2.400e+01	-1.028e-09	2.335e+10
185.903	9.900	24.000	24.000	24.000	-2.400e+01	5.444e-10	-4.408e+10	-2.400e+01	-9.999e-10	2.400e+10
186.693	10.000	24.000	24.000	24.000	-2.400e+01	5.869e-10	-4.090e+10	-2.400e+01	-9.903e-10	2.423e+10
187.443	10.100	24.000	24.000	24.000	-2.400e+01	5.532e-10	-4.339e+10	-2.400e+01	-1.011e-09	2.374e+10
188.193	10.200	24.000	24.000	24.000	-2.400e+01	4.914e-10	-4.884e+10	-2.400e+01	-9.711e-10	2.471e+10
188.945	10.300	24.000	24.000	24.000	-2.400e+01	5.695e-10	-4.214e+10	-2.400e+01	-9.690e-10	2.477e+10
189.693	10.400	24.000	24.000	24.000	-2.400e+01	5.768e-10	-4.161e+10	-2.400e+01	-9.888e-10	2.427e+10
190.443	10.500	24.000	24.000	24.000	-2.400e+01	5.805e-10	-4.134e+10	-2.400e+01	-9.466e-10	2.535e+10
191.198	10.600	24.000	24.000	24.000	-2.400e+01	5.739e-10	-4.182e+10	-2.400e+01	-9.900e-10	2.424e+10
191.945	10.700	24.000	24.000	24.000	-2.400e+01	4.927e-10	-4.871e+10	-2.400e+01	-9.944e-10	2.414e+10
192.693	10.800	24.000	24.000	24.000	-2.400e+01	5.523e-10	-4.345e+10	-2.400e+01	-1.000e-09	2.399e+10
193.436	10.900	24.000	24.000	24.000	-2.400e+01	5.563e-10	-4.314e+10	-2.400e+01	-1.012e-09	2.372e+10
194.183	11.000	24.000	24.000	24.000	-2.400e+01	5.461e-10	-4.395e+10	-2.400e+01	-9.561e-10	2.510e+10
194.934	11.100	24.000	24.000	24.000	-2.400e+01	5.851e-10	-4.102e+10	-2.400e+01	-9.711e-10	2.472e+10
195.683	11.200	24.000	24.000	24.000	-2.400e+01	5.710e-10	-4.203e+10	-2.400e+01	-1.037e-09	2.313e+10
196.418	11.300	24.000	24.000	24.000	-2.400e+01	5.762e-10	-4.165e+10	-2.400e+01	-1.033e-09	2.324e+10
197.163	11.400	24.000	24.000	24.000	-2.400e+01	6.198e-10	-3.872e+10	-2.400e+01	-1.040e-09	2.308e+10
197.933	11.500	24.000	24.000	24.000	-2.400e+01	5.544e-10	-4.329e+10	-2.400e+01	-1.015e-09	2.363e+10
198.683	11.600	24.000	24.000	24.000	-2.400e+01	5.414e-10	-4.433e+10	-2.400e+01	-1.004e-09	2.391e+10
199.433	11.700	24.000	24.000	24.000	-2.400e+01	5.600e-10	-4.286e+10	-2.400e+01	-1.068e-09	2.246e+10
200.236	11.800	24.000	24.000	24.000	-2.400e+01	5.745e-10	-4.177e+10	-2.400e+01	-1.001e-09	2.398e+10
200.995	11.900	24.000	24.000	24.000	-2.400e+01	6.117e-10	-3.924e+10	-2.400e+01	-1.035e-09	2.319e+10
201.744	12.000	24.000	24.000	24.000	-2.400e+01	5.504e-10	-4.360e+10	-2.400e+01	-1.028e-09	2.335e+10
202.503	12.100	24.000	24.000	24.000	-2.400e+01	5.681e-10	-4.224e+10	-2.400e+01	-9.661e-10	2.484e+10
203.254	12.200	24.000	24.000	24.000	-2.400e+01	5.518e-10	-4.350e+10	-2.400e+01	-1.011e-09	2.375e+10
204.005	12.300	24.000	24.000	24.000	-2.400e+01	5.809e-10	-4.131e+10	-2.400e+01	-9.687e-10	2.477e+10
204.747	12.400	24.000	24.000	24.000	-2.400e+01	5.800e-10	-4.138e+10	-2.400e+01	-1.002e-09	2.395e+10
205.496	12.500	24.000	24.000	24.000	-2.400e+01	5.429e-10	-4.421e+10	-2.400e+01	-1.008e-09	2.381e+10
206.247	12.600	24.000	24.000	24.000	-2.400e+01	5.219e-10	-4.598e+10	-2.400e+01	-1.000e-09	2.400e+10
207.006	12.700	24.000	24.000	24.000	-2.400e+01	5.652e-10	-4.246e+10	-2.400e+01	-9.946e-10	2.413e+10
207.753	12.800	24.000	24.000	24.000	-2.400e+01	5.474e-10	-4.384e+10	-2.400e+01	-9.722e-10	2.469e+10
208.514	12.900	24.000	24.000	24.000	-2.400e+01	5.580e-10	-4.301e+10	-2.400e+01	-9.922e-10	2.419e+10
209.263	13.000	24.000	24.000	24.000	-2.400e+01	5.636e-10	-4.258e+10	-2.400e+01	-1.022e-09	2.349e+10
210.014	13.100	24.000	24.000	24.000	-2.400e+01	4.960e-10	-4.839e+10	-2.400e+01	-1.003e-09	2.393e+10
210.756	13.200	24.000	24.000	24.000	-2.400e+01	5.376e-10	-4.464e+10	-2.400e+01	-1.007e-09	2.383e+10
211.504	13.300	24.000	24.000	24.000	-2.400e+01	5.650e-10	-4.247e+10	-2.400e+01	-1.039e-09	2.310e+10
212.255	13.400	24.000	24.000	24.000	-2.400e+01	5.539e-10	-4.333e+10	-2.400e+01	-9.898e-10	2.425e+10
213.006	13.500	24.000	24.000	24.000	-2.400e+01	5.411e-10	-4.435e+10	-2.400e+01	-1.016e-09	2.362e+10
213.754	13.600	24.000	24.000	24.000	-2.400e+01	5.774e-10	-4.156e+10	-2.400e+01	-9.737e-10	2.465e+10
214.504	13.700	24.000	24.000	24.000	-2.400e+01	5.104e-10	-4.702e+10	-2.400e+01	-1.013e-09	2.369e+10
215.254	13.800	24.000	24.000	24.000	-2.400e+01	5.981e-10	-4.013e+10	-2.400e+01	-9.916e-10	2.420e+10
216.005	13.900	24.000	24.000	24.000	-2.400e+01	5.138e-10	-4.671e+10	-2.400e+01	-1.022e-09	2.348e+10
216.754	14.000	24.000	24.000	24.000	-2.400e+01	5.286e-10	-4.540e+10	-2.400e+01	-1.003e-09	2.392e+10
217.504	14.100	24.000	24.000	24.000	-2.400e+01	5.384e-10	-4.458e+10	-2.400e+01	-9.897e-10	2.425e+10
218.254	14.200	24.000	24.000	24.000	-2.400e+01	5.636e-10	-4.258e+10	-2.400e+01	-1.022e-09	2.347e+10
218.999	14.300	24.000	24.000	24.000	-2.400e+01	5.634e-10	-4.260e+10	-2.400e+01	-9.723e-10	2.468e+10
219.748	14.400	24.000	24.000	24.000	-2.400e+01	5.471e-10	-4.387e+10	-2.400e+01	-9.287e-10	2.584e+10
220.491	14.500	24.000	24.000	24.000	-2.400e+01	5.401e-10	-4.444e+10	-2.400e+01	-9.909e-10	2.422e+10
221.244	14.600	24.000	24.000	24.000	-2.400e+01	5.561e-10	-4.316e+10	-2.400e+01	-9.635e-10	2.491e+10
221.996	14.700	24.000	24.000	24.000	-2.400e+01	5.166e-10	-4.645e+10	-2.400e+01	-1.014e-09	2.366e+10
222.738	14.800	24.000	24.000	24.000	-2.400e+01	5.128e-10	-4.680e+10	-2.400e+01	-1.021e-09	2.350e+10
223.484	14.900	24.000	24.000	24.000	-2.400e+01	5.767e-10	-4.161e+10	-2.400e+01	-9.760e-10	2.459e+10
224.234	15.000	24.000	24.000	24.000	-2.400e+01	5.580e-10	-4.301e+10	-2.400e+01	-1.008e-09	2.382e+10
