time, s	APT pos, mm	APL pos, mm	APR pos, mm	APB pos, mm	TH1992B_1.VOLT1	TH1992B_1.CURR1	TH1992B_1.RES1	TH1992B_1.VOLT2	TH1992B_1.CURR2	TH1992B_1.RES2	TH2690A_1.VOLT	TH2690A_1.CURR
0.174	-15.000	21.000	21.000	21.000	-2.400e+01	-1.780e-07	1.349e+08	-2.400e+01	-4.790e-07	5.011e+07	2.190e+01	-4.444e-08
0.992	-14.900	21.000	21.000	21.000	-2.400e+01	-1.774e-07	1.353e+08	-2.400e+01	-4.870e-07	4.929e+07	2.190e+01	-4.444e-08
1.683	-14.800	21.000	21.000	21.000	-2.400e+01	-1.768e-07	1.357e+08	-2.400e+01	-4.955e-07	4.843e+07	2.190e+01	-4.457e-08
2.393	-14.700	21.000	21.000	21.000	-2.400e+01	-1.763e-07	1.361e+08	-2.400e+01	-5.039e-07	4.763e+07	2.190e+01	-4.460e-08
3.103	-14.600	21.000	21.000	21.000	-2.400e+01	-1.757e-07	1.366e+08	-2.400e+01	-5.123e-07	4.685e+07	2.190e+01	-4.464e-08
3.813	-14.500	21.000	21.000	21.000	-2.400e+01	-1.751e-07	1.370e+08	-2.400e+01	-5.206e-07	4.610e+07	2.190e+01	-4.481e-08
4.532	-14.400	21.000	21.000	21.000	-2.400e+01	-1.745e-07	1.375e+08	-2.400e+01	-5.293e-07	4.534e+07	2.190e+01	-4.483e-08
5.254	-14.300	21.000	21.000	21.000	-2.400e+01	-1.740e-07	1.380e+08	-2.400e+01	-5.377e-07	4.463e+07	2.190e+01	-4.497e-08
5.973	-14.200	21.000	21.000	21.000	-2.400e+01	-1.734e-07	1.384e+08	-2.400e+01	-5.464e-07	4.393e+07	2.190e+01	-4.501e-08
6.693	-14.100	21.000	21.000	21.000	-2.400e+01	-1.728e-07	1.389e+08	-2.400e+01	-5.545e-07	4.328e+07	2.190e+01	-4.515e-08
7.413	-14.000	21.000	21.000	21.000	-2.400e+01	-1.722e-07	1.394e+08	-2.400e+01	-5.635e-07	4.259e+07	2.190e+01	-4.518e-08
8.142	-13.900	21.000	21.000	21.000	-2.400e+01	-1.715e-07	1.399e+08	-2.400e+01	-5.722e-07	4.195e+07	2.190e+01	-4.530e-08
8.853	-13.800	21.000	21.000	21.000	-2.400e+01	-1.709e-07	1.404e+08	-2.400e+01	-5.811e-07	4.130e+07	2.190e+01	-4.534e-08
9.583	-13.700	21.000	21.000	21.000	-2.400e+01	-1.704e-07	1.409e+08	-2.400e+01	-5.896e-07	4.071e+07	2.190e+01	-4.548e-08
10.313	-13.600	21.000	21.000	21.000	-2.400e+01	-1.697e-07	1.414e+08	-2.400e+01	-5.989e-07	4.008e+07	2.190e+01	-4.550e-08
11.043	-13.500	21.000	21.000	21.000	-2.400e+01	-1.691e-07	1.419e+08	-2.400e+01	-6.083e-07	3.946e+07	2.190e+01	-4.564e-08
11.773	-13.400	21.000	21.000	21.000	-2.400e+01	-1.685e-07	1.425e+08	-2.400e+01	-6.171e-07	3.889e+07	2.190e+01	-4.568e-08
12.513	-13.300	21.000	21.000	21.000	-2.400e+01	-1.679e-07	1.430e+08	-2.400e+01	-6.269e-07	3.828e+07	2.190e+01	-4.573e-08
13.254	-13.200	21.000	21.000	21.000	-2.400e+01	-1.672e-07	1.435e+08	-2.400e+01	-6.361e-07	3.773e+07	2.190e+01	-4.589e-08
13.993	-13.100	21.000	21.000	21.000	-2.400e+01	-1.666e-07	1.440e+08	-2.400e+01	-6.457e-07	3.717e+07	2.190e+01	-4.592e-08
14.734	-13.000	21.000	21.000	21.000	-2.400e+01	-1.659e-07	1.446e+08	-2.400e+01	-6.556e-07	3.661e+07	2.190e+01	-4.605e-08
15.473	-12.900	21.000	21.000	21.000	-2.400e+01	-1.653e-07	1.452e+08	-2.400e+01	-6.650e-07	3.609e+07	2.190e+01	-4.618e-08
16.215	-12.800	21.000	21.000	21.000	-2.400e+01	-1.646e-07	1.458e+08	-2.400e+01	-6.752e-07	3.555e+07	2.190e+01	-4.636e-08
16.953	-12.700	21.000	21.000	21.000	-2.400e+01	-1.639e-07	1.464e+08	-2.400e+01	-6.853e-07	3.502e+07	2.190e+01	-4.638e-08
17.693	-12.600	21.000	21.000	21.000	-2.400e+01	-1.633e-07	1.470e+08	-2.400e+01	-6.956e-07	3.450e+07	2.190e+01	-4.655e-08
18.443	-12.500	21.000	21.000	21.000	-2.400e+01	-1.626e-07	1.476e+08	-2.400e+01	-7.057e-07	3.401e+07	2.190e+01	-4.657e-08
19.213	-12.400	21.000	21.000	21.000	-2.400e+01	-1.620e-07	1.481e+08	-2.400e+01	-7.162e-07	3.351e+07	2.190e+01	-4.669e-08
19.954	-12.300	21.000	21.000	21.000	-2.400e+01	-1.613e-07	1.488e+08	-2.400e+01	-7.264e-07	3.304e+07	2.190e+01	-4.673e-08
20.693	-12.200	21.000	21.000	21.000	-2.400e+01	-1.606e-07	1.494e+08	-2.400e+01	-7.373e-07	3.255e+07	2.190e+01	-4.686e-08
21.444	-12.100	21.000	21.000	21.000	-2.400e+01	-1.599e-07	1.501e+08	-2.400e+01	-7.474e-07	3.211e+07	2.190e+01	-4.705e-08
22.265	-12.000	21.000	21.000	21.000	-2.400e+01	-1.593e-07	1.507e+08	-2.400e+01	-7.581e-07	3.166e+07	2.190e+01	-4.710e-08
23.004	-11.900	21.000	21.000	21.000	-2.400e+01	-1.586e-07	1.513e+08	-2.400e+01	-7.695e-07	3.119e+07	2.190e+01	-4.725e-08
23.743	-11.800	21.000	21.000	21.000	-2.400e+01	-1.579e-07	1.520e+08	-2.400e+01	-7.798e-07	3.078e+07	2.190e+01	-4.730e-08
24.493	-11.700	21.000	21.000	21.000	-2.400e+01	-1.572e-07	1.527e+08	-2.400e+01	-7.914e-07	3.033e+07	2.190e+01	-4.743e-08
25.235	-11.600	21.000	21.000	21.000	-2.400e+01	-1.564e-07	1.534e+08	-2.400e+01	-8.023e-07	2.991e+07	2.190e+01	-4.748e-08
25.973	-11.500	21.000	21.000	21.000	-2.400e+01	-1.557e-07	1.541e+08	-2.400e+01	-8.140e-07	2.949e+07	2.190e+01	-4.776e-08
26.714	-11.400	21.000	21.000	21.000	-2.400e+01	-1.550e-07	1.548e+08	-2.400e+01	-8.255e-07	2.907e+07	2.190e+01	-4.779e-08
27.453	-11.300	21.000	21.000	21.000	-2.400e+01	-1.543e-07	1.555e+08	-2.400e+01	-8.362e-07	2.870e+07	2.190e+01	-4.797e-08
28.213	-11.200	21.000	21.000	21.000	-2.400e+01	-1.535e-07	1.564e+08	-2.400e+01	-8.484e-07	2.829e+07	2.190e+01	-4.802e-08
28.953	-11.100	21.000	21.000	21.000	-2.400e+01	-1.528e-07	1.571e+08	-2.400e+01	-8.600e-07	2.791e+07	2.190e+01	-4.816e-08
29.694	-11.000	21.000	21.000	21.000	-2.400e+01	-1.520e-07	1.579e+08	-2.400e+01	-8.720e-07	2.752e+07	2.190e+01	-4.822e-08
30.434	-10.900	21.000	21.000	21.000	-2.400e+01	-1.513e-07	1.586e+08	-2.400e+01	-8.828e-07	2.719e+07	2.190e+01	-4.842e-08
31.193	-10.800	21.000	21.000	21.000	-2.400e+01	-1.506e-07	1.594e+08	-2.400e+01	-8.949e-07	2.682e+07	2.190e+01	-4.848e-08
31.934	-10.700	21.000	21.000	21.000	-2.400e+01	-1.498e-07	1.602e+08	-2.400e+01	-9.069e-07	2.646e+07	2.190e+01	-4.879e-08
32.683	-10.600	21.000	21.000	21.000	-2.400e+01	-1.491e-07	1.610e+08	-2.400e+01	-9.193e-07	2.611e+07	2.190e+01	-4.891e-08
33.414	-10.500	21.000	21.000	21.000	-2.400e+01	-1.483e-07	1.618e+08	-2.400e+01	-9.321e-07	2.575e+07	2.190e+01	-4.907e-08
34.174	-10.400	21.000	21.000	21.000	-2.400e+01	-1.476e-07	1.626e+08	-2.400e+01	-9.436e-07	2.544e+07	2.190e+01	-4.912e-08
34.914	-10.300	21.000	21.000	21.000	-2.400e+01	-1.468e-07	1.635e+08	-2.400e+01	-9.564e-07	2.509e+07	2.190e+01	-4.930e-08
35.654	-10.200	21.000	21.000	21.000	-2.400e+01	-1.460e-07	1.644e+08	-2.400e+01	-9.700e-07	2.474e+07	2.190e+01	-4.946e-08
36.394	-10.100	21.000	21.000	21.000	-2.400e+01	-1.453e-07	1.652e+08	-2.400e+01	-9.808e-07	2.447e+07	2.190e+01	-4.964e-08
37.153	-10.000	21.000	21.000	21.000	-2.400e+01	-1.446e-07	1.660e+08	-2.400e+01	-9.939e-07	2.415e+07	2.190e+01	-4.979e-08
37.893	-9.900	21.000	21.000	21.000	-2.400e+01	-1.438e-07	1.670e+08	-2.400e+01	-1.007e-06	2.383e+07	2.190e+01	-5.010e-08
38.634	-9.800	21.000	21.000	21.000	-2.400e+01	-1.429e-07	1.680e+08	-2.400e+01	-1.021e-06	2.350e+07	2.190e+01	-5.030e-08
39.373	-9.700	21.000	21.000	21.000	-2.400e+01	-1.422e-07	1.688e+08	-2.400e+01	-1.034e-06	2.320e+07	2.190e+01	-5.050e-08
40.114	-9.600	21.000	21.000	21.000	-2.400e+01	-1.414e-07	1.697e+08	-2.400e+01	-1.047e-06	2.291e+07	2.190e+01	-5.072e-08
40.854	-9.500	21.000	21.000	21.000	-2.400e+01	-1.405e-07	1.708e+08	-2.400e+01	-1.062e-06	2.260e+07	2.190e+01	-5.088e-08
41.594	-9.400	21.000	21.000	21.000	-2.400e+01	-1.397e-07	1.718e+08	-2.400e+01	-1.077e-06	2.229e+07	2.190e+01	-5.111e-08
42.364	-9.300	21.000	21.000	21.000	-2.400e+01	-1.390e-07	1.727e+08	-2.400e+01	-1.090e-06	2.202e+07	2.190e+01	-5.134e-08
43.215	-9.200	21.000	21.000	21.000	-2.400e+01	-1.382e-07	1.737e+08	-2.400e+01	-1.104e-06	2.174e+07	2.190e+01	-5.168e-08
43.964	-9.100	21.000	21.000	21.000	-2.400e+01	-1.374e-07	1.746e+08	-2.400e+01	-1.118e-06	2.147e+07	2.190e+01	-5.185e-08
44.713	-9.000	21.000	21.000	21.000	-2.400e+01	-1.366e-07	1.757e+08	-2.400e+01	-1.134e-06	2.117e+07	2.190e+01	-5.209e-08
45.454	-8.900	21.000	21.000	21.000	-2.400e+01	-1.357e-07	1.768e+08	-2.400e+01	-1.149e-06	2.089e+07	2.190e+01	-5.228e-08
46.214	-8.800	21.000	21.000	21.000	-2.400e+01	-1.350e-07	1.778e+08	-2.400e+01	-1.164e-06	2.063e+07	2.190e+01	-5.256e-08
46.954	-8.700	21.000	21.000	21.000	-2.400e+01	-1.342e-07	1.788e+08	-2.400e+01	-1.178e-06	2.037e+07	2.190e+01	-5.312e-08
47.694	-8.600	21.000	21.000	21.000	-2.400e+01	-1.334e-07	1.799e+08	-2.400e+01	-1.192e-06	2.013e+07	2.190e+01	-5.336e-08
48.434	-8.500	21.000	21.000	21.000	-2.400e+01	-1.326e-07	1.810e+08	-2.400e+01	-1.208e-06	1.988e+07	2.190e+01	-5.369e-08
49.194	-8.400	21.000	21.000	21.000	-2.400e+01	-1.318e-07	1.821e+08	-2.400e+01	-1.224e-06	1.961e+07	2.190e+01	-5.399e-08
49.934	-8.300	21.000	21.000	21.000	-2.400e+01	-1.310e-07	1.832e+08	-2.400e+01	-1.240e-06	1.935e+07	2.190e+01	-5.430e-08
50.674	-8.200	21.000	21.000	21.000	-2.400e+01	-1.302e-07	1.843e+08	-2.400e+01	-1.257e-06	1.909e+07	2.190e+01	-5.464e-08
51.414	-8.100	21.000	21.000	21.000	-2.400e+01	-1.293e-07	1.856e+08	-2.400e+01	-1.274e-06	1.884e+07	2.190e+01	-5.499e-08
52.226	-8.000	21.000	21.000	21.000	-2.400e+01	-1.285e-07	1.867e+08	-2.400e+01	-1.292e-06	1.858e+07	2.190e+01	-5.536e-08
52.974	-7.900	21.000	21.000	21.000	-2.400e+01	-1.277e-07	1.879e+08	-2.400e+01	-1.309e-06	1.834e+07	2.190e+01	-5.598e-08
53.714	-7.800	21.000	21.000	21.000	-2.400e+01	-1.269e-07	1.891e+08	-2.400e+01	-1.325e-06	1.811e+07	2.190e+01	-5.639e-08
54.458	-7.700	21.000	21.000	21.000	-2.400e+01	-1.261e-07	1.904e+08	-2.400e+01	-1.344e-06	1.786e+07	2.190e+01	-5.682e-08
55.219	-7.600	21.000	21.000	21.000	-2.400e+01	-1.252e-07	1.917e+08	-2.400e+01	-1.361e-06	1.763e+07	2.190e+01	-5.724e-08
55.954	-7.500	21.000	21.000	21.000	-2.400e+01	-1.244e-07	1.929e+08	-2.400e+01	-1.379e-06	1.740e+07	2.190e+01	-5.767e-08
56.695	-7.400	21.000	21.000	21.000	-2.400e+01	-1.236e-07	1.942e+08	-2.400e+01	-1.399e-06	1.716e+07	2.190e+01	-5.815e-08
57.434	-7.300	21.000	21.000	21.000	-2.400e+01	-1.228e-07	1.955e+08	-2.400e+01	-1.419e-06	1.691e+07	2.190e+01	-5.905e-08
58.194	-7.200	21.000	21.000	21.000	-2.400e+01	-1.219e-07	1.969e+08	-2.400e+01	-1.439e-06	1.667e+07	2.190e+01	-5.959e-08
58.914	-7.100	21.000	21.000	21.000	-2.400e+01	-1.211e-07	1.982e+08	-2.400e+01	-1.458e-06	1.646e+07	2.190e+01	-6.012e-08
59.654	-7.000	21.000	21.000	21.000	-2.400e+01	-1.202e-07	1.997e+08	-2.400e+01	-1.481e-06	1.621e+07	2.190e+01	-6.071e-08
60.394	-6.900	21.000	21.000	21.000	-2.400e+01	-1.194e-07	2.010e+08	-2.400e+01	-1.502e-06	1.598e+07	2.190e+01	-6.129e-08
61.154	-6.800	21.000	21.000	21.000	-2.400e+01	-1.185e-07	2.024e+08	-2.400e+01	-1.523e-06	1.575e+07	2.190e+01	-6.189e-08
61.895	-6.700	21.000	21.000	21.000	-2.400e+01	-1.177e-07	2.039e+08	-2.400e+01	-1.544e-06	1.554e+07	2.190e+01	-6.248e-08
62.634	-6.600	21.000	21.000	21.000	-2.400e+01	-1.169e-07	2.053e+08	-2.400e+01	-1.567e-06	1.531e+07	2.190e+01	-6.315e-08
63.375	-6.500	21.000	21.000	21.000	-2.400e+01	-1.159e-07	2.070e+08	-2.400e+01	-1.590e-06	1.509e+07	2.190e+01	-6.437e-08
64.114	-6.400	21.000	21.000	21.000	-2.400e+01	-1.152e-07	2.084e+08	-2.400e+01	-1.612e-06	1.489e+07	2.190e+01	-6.513e-08
64.855	-6.300	21.000	21.000	21.000	-2.400e+01	-1.143e-07	2.100e+08	-2.400e+01	-1.637e-06	1.466e+07	2.190e+01	-6.594e-08
65.594	-6.200	21.000	21.000	21.000	-2.400e+01	-1.135e-07	2.115e+08	-2.400e+01	-1.661e-06	1.445e+07	2.190e+01	-6.672e-08
66.335	-6.100	21.000	21.000	21.000	-2.400e+01	-1.127e-07	2.130e+08	-2.400e+01	-1.684e-06	1.426e+07	2.190e+01	-6.752e-08
67.086	-6.000	21.000	21.000	21.000	-2.400e+01	-1.118e-07	2.146e+08	-2.400e+01	-1.707e-06	1.406e+07	2.190e+01	-6.834e-08
67.824	-5.900	21.000	21.000	21.000	-2.400e+01	-1.110e-07	2.162e+08	-2.400e+01	-1.733e-06	1.385e+07	2.190e+01	-6.922e-08
68.569	-5.800	21.000	21.000	21.000	-2.400e+01	-1.100e-07	2.181e+08	-2.400e+01	-1.759e-06	1.364e+07	2.190e+01	-7.016e-08
69.308	-5.700	21.000	21.000	21.000	-2.400e+01	-1.092e-07	2.197e+08	-2.400e+01	-1.786e-06	1.344e+07	2.190e+01	-7.114e-08
70.055	-5.600	21.000	21.000	21.000	-2.400e+01	-1.083e-07	2.216e+08	-2.400e+01	-1.811e-06	1.325e+07	2.190e+01	-7.298e-08
70.794	-5.500	21.000	21.000	21.000	-2.400e+01	-1.075e-07	2.232e+08	-2.400e+01	-1.840e-06	1.305e+07	2.190e+01	-7.409e-08
71.535	-5.400	21.000	21.000	21.000	-2.400e+01	-1.067e-07	2.249e+08	-2.400e+01	-1.864e-06	1.288e+07	2.190e+01	-7.531e-08
72.276	-5.300	21.000	21.000	21.000	-2.400e+01	-1.058e-07	2.268e+08	-2.400e+01	-1.890e-06	1.270e+07	2.190e+01	-7.648e-08
73.014	-5.200	21.000	21.000	21.000	-2.400e+01	-1.050e-07	2.285e+08	-2.400e+01	-1.918e-06	1.252e+07	2.190e+01	-7.776e-08
73.760	-5.100	21.000	21.000	21.000	-2.400e+01	-1.041e-07	2.306e+08	-2.400e+01	-1.947e-06	1.233e+07	2.190e+01	-7.913e-08
74.508	-5.000	21.000	21.000	21.000	-2.400e+01	-1.032e-07	2.326e+08	-2.400e+01	-1.976e-06	1.215e+07	2.190e+01	-8.053e-08
75.256	-4.900	21.000	21.000	21.000	-2.400e+01	-1.024e-07	2.344e+08	-2.400e+01	-2.005e-06	1.197e+07	2.190e+01	-8.186e-08
75.995	-4.800	21.000	21.000	21.000	-2.400e+01	-1.015e-07	2.364e+08	-2.400e+01	-2.034e-06	1.180e+07	2.190e+01	-8.342e-08
76.745	-4.700	21.000	21.000	21.000	-2.400e+01	-1.006e-07	2.385e+08	-2.400e+01	-2.061e-06	1.165e+07	2.190e+01	-8.644e-08
77.485	-4.600	21.000	21.000	21.000	-2.400e+01	-9.971e-08	2.407e+08	-2.400e+01	-2.090e-06	1.148e+07	2.190e+01	-8.827e-08
78.226	-4.500	21.000	21.000	21.000	-2.400e+01	-9.882e-08	2.429e+08	-2.400e+01	-2.121e-06	1.131e+07	2.190e+01	-9.017e-08
78.965	-4.400	21.000	21.000	21.000	-2.400e+01	-9.798e-08	2.450e+08	-2.400e+01	-2.148e-06	1.117e+07	2.190e+01	-9.214e-08
79.704	-4.300	21.000	21.000	21.000	-2.400e+01	-9.712e-08	2.471e+08	-2.400e+01	-2.177e-06	1.102e+07	2.190e+01	-9.414e-08
80.475	-4.200	21.000	21.000	21.000	-2.400e+01	-9.627e-08	2.493e+08	-2.400e+01	-2.206e-06	1.088e+07	2.190e+01	-9.627e-08
81.217	-4.100	21.000	21.000	21.000	-2.400e+01	-9.535e-08	2.517e+08	-2.400e+01	-2.237e-06	1.073e+07	2.190e+01	-9.826e-08
82.008	-4.000	21.000	21.000	21.000	-2.400e+01	-9.449e-08	2.540e+08	-2.400e+01	-2.267e-06	1.059e+07	2.190e+01	-1.006e-07
82.745	-3.900	21.000	21.000	21.000	-2.400e+01	-9.370e-08	2.561e+08	-2.400e+01	-2.297e-06	1.045e+07	2.190e+01	-1.049e-07
83.489	-3.800	21.000	21.000	21.000	-2.400e+01	-9.280e-08	2.586e+08	-2.400e+01	-2.324e-06	1.033e+07	2.190e+01	-1.076e-07
84.226	-3.700	21.000	21.000	21.000	-2.400e+01	-9.187e-08	2.612e+08	-2.400e+01	-2.353e-06	1.020e+07	2.190e+01	-1.104e-07
84.968	-3.600	21.000	21.000	21.000	-2.400e+01	-9.098e-08	2.638e+08	-2.400e+01	-2.384e-06	1.007e+07	2.190e+01	-1.134e-07
85.729	-3.500	21.000	21.000	21.000	-2.400e+01	-9.011e-08	2.664e+08	-2.400e+01	-2.410e-06	9.959e+06	2.190e+01	-1.163e-07
86.479	-3.400	21.000	21.000	21.000	-2.400e+01	-8.925e-08	2.689e+08	-2.400e+01	-2.437e-06	9.848e+06	2.190e+01	-1.192e-07
87.226	-3.300	21.000	21.000	21.000	-2.400e+01	-8.844e-08	2.714e+08	-2.400e+01	-2.464e-06	9.740e+06	2.190e+01	-1.250e-07
87.965	-3.200	21.000	21.000	21.000	-2.400e+01	-8.749e-08	2.743e+08	-2.400e+01	-2.490e-06	9.640e+06	2.190e+01	-1.286e-07
88.715	-3.100	21.000	21.000	21.000	-2.400e+01	-8.659e-08	2.772e+08	-2.400e+01	-2.515e-06	9.542e+06	2.190e+01	-1.324e-07
89.465	-3.000	21.000	21.000	21.000	-2.400e+01	-8.577e-08	2.798e+08	-2.400e+01	-2.540e-06	9.448e+06	2.190e+01	-1.361e-07
90.216	-2.900	21.000	21.000	21.000	-2.400e+01	-8.474e-08	2.832e+08	-2.400e+01	-2.566e-06	9.351e+06	2.190e+01	-1.399e-07
90.965	-2.800	21.000	21.000	21.000	-2.400e+01	-8.395e-08	2.859e+08	-2.400e+01	-2.589e-06	9.269e+06	2.190e+01	-1.438e-07
91.719	-2.700	21.000	21.000	21.000	-2.400e+01	-8.312e-08	2.887e+08	-2.400e+01	-2.612e-06	9.187e+06	2.190e+01	-1.477e-07
92.469	-2.600	21.000	21.000	21.000	-2.400e+01	-8.221e-08	2.919e+08	-2.400e+01	-2.634e-06	9.113e+06	2.190e+01	-1.554e-07
93.217	-2.500	21.000	21.000	21.000	-2.400e+01	-8.136e-08	2.950e+08	-2.400e+01	-2.655e-06	9.040e+06	2.190e+01	-1.600e-07
93.965	-2.400	21.000	21.000	21.000	-2.400e+01	-8.048e-08	2.982e+08	-2.400e+01	-2.674e-06	8.977e+06	2.190e+01	-1.645e-07
94.705	-2.300	21.000	21.000	21.000	-2.400e+01	-7.948e-08	3.020e+08	-2.400e+01	-2.692e-06	8.917e+06	2.190e+01	-1.691e-07
95.449	-2.200	21.000	21.000	21.000	-2.400e+01	-7.863e-08	3.052e+08	-2.400e+01	-2.708e-06	8.862e+06	2.190e+01	-1.742e-07
96.209	-2.100	21.000	21.000	21.000	-2.400e+01	-7.790e-08	3.081e+08	-2.400e+01	-2.723e-06	8.813e+06	2.190e+01	-1.789e-07
96.950	-2.000	21.000	21.000	21.000	-2.400e+01	-7.695e-08	3.119e+08	-2.400e+01	-2.738e-06	8.764e+06	2.190e+01	-1.836e-07
97.689	-1.900	21.000	21.000	21.000	-2.400e+01	-7.608e-08	3.155e+08	-2.400e+01	-2.751e-06	8.724e+06	2.190e+01	-1.924e-07
98.426	-1.800	21.000	21.000	21.000	-2.400e+01	-7.521e-08	3.191e+08	-2.400e+01	-2.762e-06	8.689e+06	2.190e+01	-1.983e-07
99.166	-1.700	21.000	21.000	21.000	-2.400e+01	-7.433e-08	3.229e+08	-2.400e+01	-2.772e-06	8.659e+06	2.190e+01	-2.039e-07
99.906	-1.600	21.000	21.000	21.000	-2.400e+01	-7.345e-08	3.268e+08	-2.400e+01	-2.781e-06	8.631e+06	2.190e+01	-2.095e-07
100.645	-1.500	21.000	21.000	21.000	-2.400e+01	-7.263e-08	3.304e+08	-2.400e+01	-2.788e-06	8.609e+06	2.190e+01	-2.149e-07
101.385	-1.400	21.000	21.000	21.000	-2.400e+01	-7.180e-08	3.343e+08	-2.400e+01	-2.796e-06	8.583e+06	2.190e+01	-2.204e-07
102.145	-1.300	21.000	21.000	21.000	-2.400e+01	-7.098e-08	3.381e+08	-2.400e+01	-2.804e-06	8.560e+06	2.190e+01	-2.266e-07
102.885	-1.200	21.000	21.000	21.000	-2.400e+01	-7.008e-08	3.424e+08	-2.400e+01	-2.805e-06	8.557e+06	2.190e+01	-2.317e-07
103.626	-1.100	21.000	21.000	21.000	-2.400e+01	-6.923e-08	3.467e+08	-2.400e+01	-2.805e-06	8.555e+06	2.190e+01	-2.372e-07
104.346	-1.000	21.000	21.000	21.000	-2.400e+01	-6.845e-08	3.506e+08	-2.400e+01	-2.806e-06	8.552e+06	2.190e+01	-2.430e-07
105.097	-0.900	21.000	21.000	21.000	-2.400e+01	-6.760e-08	3.550e+08	-2.400e+01	-2.804e-06	8.560e+06	2.190e+01	-2.491e-07
105.835	-0.800	21.000	21.000	21.000	-2.400e+01	-6.672e-08	3.597e+08	-2.400e+01	-2.799e-06	8.574e+06	2.190e+01	-2.589e-07
106.576	-0.700	21.000	21.000	21.000	-2.400e+01	-6.586e-08	3.644e+08	-2.400e+01	-2.795e-06	8.587e+06	2.190e+01	-2.649e-07
107.316	-0.600	21.000	21.000	21.000	-2.400e+01	-6.503e-08	3.690e+08	-2.400e+01	-2.789e-06	8.605e+06	2.190e+01	-2.708e-07
108.059	-0.500	21.000	21.000	21.000	-2.400e+01	-6.428e-08	3.734e+08	-2.400e+01	-2.782e-06	8.626e+06	2.190e+01	-2.763e-07
108.800	-0.400	21.000	21.000	21.000	-2.400e+01	-6.347e-08	3.781e+08	-2.400e+01	-2.775e-06	8.648e+06	2.190e+01	-2.820e-07
109.605	-0.300	21.000	21.000	21.000	-2.400e+01	-6.260e-08	3.834e+08	-2.400e+01	-2.765e-06	8.681e+06	2.190e+01	-2.878e-07
110.346	-0.200	21.000	21.000	21.000	-2.400e+01	-6.184e-08	3.881e+08	-2.400e+01	-2.754e-06	8.714e+06	2.190e+01	-2.957e-07
111.096	-0.100	21.000	21.000	21.000	-2.400e+01	-6.098e-08	3.936e+08	-2.400e+01	-2.741e-06	8.757e+06	2.190e+01	-3.015e-07
111.893	0.000	21.000	21.000	21.000	-2.400e+01	-6.023e-08	3.985e+08	-2.400e+01	-2.728e-06	8.798e+06	2.190e+01	-3.068e-07
112.630	0.100	21.000	21.000	21.000	-2.400e+01	-5.939e-08	4.041e+08	-2.400e+01	-2.709e-06	8.860e+06	2.190e+01	-3.112e-07
113.365	0.200	21.000	21.000	21.000	-2.400e+01	-5.858e-08	4.097e+08	-2.400e+01	-2.691e-06	8.919e+06	2.190e+01	-3.168e-07
114.106	0.300	21.000	21.000	21.000	-2.400e+01	-5.784e-08	4.149e+08	-2.400e+01	-2.675e-06	8.973e+06	2.190e+01	-3.217e-07
114.845	0.400	21.000	21.000	21.000	-2.400e+01	-5.705e-08	4.207e+08	-2.400e+01	-2.655e-06	9.039e+06	2.190e+01	-3.267e-07
115.586	0.500	21.000	21.000	21.000	-2.400e+01	-5.630e-08	4.263e+08	-2.400e+01	-2.635e-06	9.107e+06	2.190e+01	-3.352e-07
116.306	0.600	21.000	21.000	21.000	-2.400e+01	-5.553e-08	4.322e+08	-2.400e+01	-2.616e-06	9.173e+06	2.190e+01	-3.402e-07
117.046	0.700	21.000	21.000	21.000	-2.400e+01	-5.475e-08	4.384e+08	-2.400e+01	-2.593e-06	9.256e+06	2.190e+01	-3.456e-07
117.816	0.800	21.000	21.000	21.000	-2.400e+01	-5.397e-08	4.447e+08	-2.400e+01	-2.570e-06	9.339e+06	2.190e+01	-3.501e-07
118.556	0.900	21.000	21.000	21.000	-2.400e+01	-5.324e-08	4.508e+08	-2.400e+01	-2.545e-06	9.429e+06	2.190e+01	-3.543e-07
119.296	1.000	21.000	21.000	21.000	-2.400e+01	-5.252e-08	4.570e+08	-2.400e+01	-2.521e-06	9.520e+06	2.190e+01	-3.585e-07
120.035	1.100	21.000	21.000	21.000	-2.400e+01	-5.166e-08	4.645e+08	-2.400e+01	-2.491e-06	9.635e+06	2.190e+01	-3.623e-07
120.756	1.200	21.000	21.000	21.000	-2.400e+01	-5.097e-08	4.709e+08	-2.400e+01	-2.459e-06	9.759e+06	2.190e+01	-3.668e-07
121.495	1.300	21.000	21.000	21.000	-2.400e+01	-5.021e-08	4.780e+08	-2.400e+01	-2.430e-06	9.878e+06	2.190e+01	-3.707e-07
122.237	1.400	21.000	21.000	21.000	-2.400e+01	-4.945e-08	4.853e+08	-2.400e+01	-2.400e-06	9.998e+06	2.190e+01	-3.744e-07
122.976	1.500	21.000	21.000	21.000	-2.400e+01	-4.874e-08	4.924e+08	-2.400e+01	-2.371e-06	1.012e+07	2.190e+01	-3.780e-07
123.720	1.600	21.000	21.000	21.000	-2.400e+01	-4.799e-08	5.001e+08	-2.400e+01	-2.338e-06	1.027e+07	2.190e+01	-3.842e-07
124.441	1.700	21.000	21.000	21.000	-2.400e+01	-4.725e-08	5.079e+08	-2.400e+01	-2.306e-06	1.041e+07	2.190e+01	-3.875e-07
125.195	1.800	21.000	21.000	21.000	-2.400e+01	-4.666e-08	5.143e+08	-2.400e+01	-2.276e-06	1.054e+07	2.190e+01	-3.908e-07
125.940	1.900	21.000	21.000	21.000	-2.400e+01	-4.582e-08	5.238e+08	-2.400e+01	-2.241e-06	1.071e+07	2.190e+01	-3.937e-07
126.680	2.000	21.000	21.000	21.000	-2.400e+01	-4.518e-08	5.312e+08	-2.400e+01	-2.210e-06	1.086e+07	2.190e+01	-3.964e-07
127.420	2.100	21.000	21.000	21.000	-2.400e+01	-4.450e-08	5.393e+08	-2.400e+01	-2.178e-06	1.102e+07	2.190e+01	-3.991e-07
128.181	2.200	21.000	21.000	21.000	-2.400e+01	-4.379e-08	5.480e+08	-2.400e+01	-2.143e-06	1.120e+07	2.190e+01	-4.016e-07
128.916	2.300	21.000	21.000	21.000	-2.400e+01	-4.312e-08	5.566e+08	-2.400e+01	-2.111e-06	1.137e+07	2.190e+01	-4.033e-07
129.656	2.400	21.000	21.000	21.000	-2.400e+01	-4.235e-08	5.667e+08	-2.400e+01	-2.079e-06	1.155e+07	2.190e+01	-4.079e-07
130.396	2.500	21.000	21.000	21.000	-2.400e+01	-4.169e-08	5.757e+08	-2.400e+01	-2.048e-06	1.172e+07	2.190e+01	-4.100e-07
131.156	2.600	21.000	21.000	21.000	-2.400e+01	-4.102e-08	5.851e+08	-2.400e+01	-2.017e-06	1.190e+07	2.190e+01	-4.120e-07
131.897	2.700	21.000	21.000	21.000	-2.400e+01	-4.033e-08	5.950e+08	-2.400e+01	-1.985e-06	1.209e+07	2.190e+01	-4.138e-07
132.640	2.800	21.000	21.000	21.000	-2.400e+01	-3.965e-08	6.052e+08	-2.400e+01	-1.954e-06	1.228e+07	2.190e+01	-4.154e-07
133.390	2.900	21.000	21.000	21.000	-2.400e+01	-3.900e-08	6.153e+08	-2.400e+01	-1.921e-06	1.250e+07	2.190e+01	-4.171e-07
134.145	3.000	21.000	21.000	21.000	-2.400e+01	-3.839e-08	6.252e+08	-2.400e+01	-1.894e-06	1.267e+07	2.190e+01	-4.178e-07
134.886	3.100	21.000	21.000	21.000	-2.400e+01	-3.768e-08	6.369e+08	-2.400e+01	-1.863e-06	1.288e+07	2.190e+01	-4.196e-07
135.626	3.200	21.000	21.000	21.000	-2.400e+01	-3.706e-08	6.476e+08	-2.400e+01	-1.831e-06	1.311e+07	2.190e+01	-4.224e-07
136.366	3.300	21.000	21.000	21.000	-2.400e+01	-3.638e-08	6.597e+08	-2.400e+01	-1.800e-06	1.333e+07	2.190e+01	-4.235e-07
137.107	3.400	21.000	21.000	21.000	-2.400e+01	-3.575e-08	6.713e+08	-2.400e+01	-1.770e-06	1.356e+07	2.190e+01	-4.248e-07
137.826	3.500	21.000	21.000	21.000	-2.400e+01	-3.512e-08	6.834e+08	-2.400e+01	-1.739e-06	1.380e+07	2.190e+01	-4.252e-07
138.570	3.600	21.000	21.000	21.000	-2.400e+01	-3.447e-08	6.963e+08	-2.400e+01	-1.710e-06	1.404e+07	2.190e+01	-4.269e-07
139.290	3.700	21.000	21.000	21.000	-2.400e+01	-3.385e-08	7.090e+08	-2.400e+01	-1.683e-06	1.426e+07	2.190e+01	-4.272e-07
140.026	3.800	21.000	21.000	21.000	-2.400e+01	-3.322e-08	7.225e+08	-2.400e+01	-1.655e-06	1.450e+07	2.190e+01	-4.285e-07
140.766	3.900	21.000	21.000	21.000	-2.400e+01	-3.262e-08	7.357e+08	-2.400e+01	-1.627e-06	1.475e+07	2.190e+01	-4.289e-07
141.506	4.000	21.000	21.000	21.000	-2.400e+01	-3.203e-08	7.492e+08	-2.400e+01	-1.600e-06	1.500e+07	2.190e+01	-4.294e-07
142.301	4.100	21.000	21.000	21.000	-2.400e+01	-3.142e-08	7.638e+08	-2.400e+01	-1.574e-06	1.525e+07	2.190e+01	-4.307e-07
143.036	4.200	21.000	21.000	21.000	-2.400e+01	-3.076e-08	7.803e+08	-2.400e+01	-1.547e-06	1.551e+07	2.190e+01	-4.311e-07
143.758	4.300	21.000	21.000	21.000	-2.400e+01	-3.015e-08	7.961e+08	-2.400e+01	-1.522e-06	1.577e+07	2.190e+01	-4.324e-07
144.500	4.400	21.000	21.000	21.000	-2.400e+01	-2.958e-08	8.113e+08	-2.400e+01	-1.499e-06	1.601e+07	2.190e+01	-4.326e-07
145.292	4.500	21.000	21.000	21.000	-2.400e+01	-2.898e-08	8.281e+08	-2.400e+01	-1.475e-06	1.628e+07	2.190e+01	-4.328e-07
146.026	4.600	21.000	21.000	21.000	-2.400e+01	-2.843e-08	8.441e+08	-2.400e+01	-1.450e-06	1.655e+07	2.190e+01	-4.331e-07
146.766	4.700	21.000	21.000	21.000	-2.400e+01	-2.784e-08	8.621e+08	-2.400e+01	-1.426e-06	1.683e+07	2.190e+01	-4.341e-07
147.488	4.800	21.000	21.000	21.000	-2.400e+01	-2.731e-08	8.787e+08	-2.400e+01	-1.406e-06	1.707e+07	2.190e+01	-4.343e-07
148.228	4.900	21.000	21.000	21.000	-2.400e+01	-2.672e-08	8.982e+08	-2.400e+01	-1.384e-06	1.734e+07	2.190e+01	-4.345e-07
148.967	5.000	21.000	21.000	21.000	-2.400e+01	-2.617e-08	9.171e+08	-2.400e+01	-1.362e-06	1.762e+07	2.190e+01	-4.350e-07
149.706	5.100	21.000	21.000	21.000	-2.400e+01	-2.566e-08	9.353e+08	-2.400e+01	-1.339e-06	1.792e+07	2.190e+01	-4.354e-07
150.427	5.200	21.000	21.000	21.000	-2.400e+01	-2.506e-08	9.577e+08	-2.400e+01	-1.317e-06	1.822e+07	2.190e+01	-4.357e-07
151.186	5.300	21.000	21.000	21.000	-2.400e+01	-2.450e-08	9.794e+08	-2.400e+01	-1.298e-06	1.849e+07	2.190e+01	-4.360e-07
151.927	5.400	21.000	21.000	21.000	-2.400e+01	-2.403e-08	9.987e+08	-2.400e+01	-1.279e-06	1.877e+07	2.190e+01	-4.363e-07
152.667	5.500	21.000	21.000	21.000	-2.400e+01	-2.350e-08	1.021e+09	-2.400e+01	-1.260e-06	1.905e+07	2.190e+01	-4.366e-07
153.406	5.600	21.000	21.000	21.000	-2.400e+01	-2.299e-08	1.044e+09	-2.400e+01	-1.240e-06	1.936e+07	2.190e+01	-4.369e-07
154.146	5.700	21.000	21.000	21.000	-2.400e+01	-2.247e-08	1.068e+09	-2.400e+01	-1.221e-06	1.965e+07	2.190e+01	-4.371e-07
154.886	5.800	21.000	21.000	21.000	-2.400e+01	-2.199e-08	1.092e+09	-2.400e+01	-1.203e-06	1.995e+07	2.190e+01	-4.374e-07
155.607	5.900	21.000	21.000	21.000	-2.400e+01	-2.150e-08	1.116e+09	-2.400e+01	-1.185e-06	2.026e+07	2.190e+01	-4.376e-07
156.347	6.000	21.000	21.000	21.000	-2.400e+01	-2.095e-08	1.146e+09	-2.400e+01	-1.164e-06	2.061e+07	2.190e+01	-4.379e-07
157.098	6.100	21.000	21.000	21.000	-2.400e+01	-2.048e-08	1.172e+09	-2.400e+01	-1.147e-06	2.092e+07	2.190e+01	-4.381e-07
157.827	6.200	21.000	21.000	21.000	-2.400e+01	-2.003e-08	1.198e+09	-2.400e+01	-1.131e-06	2.122e+07	2.190e+01	-4.382e-07
158.566	6.300	21.000	21.000	21.000	-2.400e+01	-1.949e-08	1.231e+09	-2.400e+01	-1.114e-06	2.155e+07	2.190e+01	-4.384e-07
159.288	6.400	21.000	21.000	21.000	-2.400e+01	-1.902e-08	1.262e+09	-2.400e+01	-1.096e-06	2.189e+07	2.190e+01	-4.386e-07
160.026	6.500	21.000	21.000	21.000	-2.400e+01	-1.862e-08	1.289e+09	-2.400e+01	-1.080e-06	2.221e+07	2.190e+01	-4.387e-07
160.772	6.600	21.000	21.000	21.000	-2.400e+01	-1.810e-08	1.326e+09	-2.400e+01	-1.064e-06	2.255e+07	2.190e+01	-4.389e-07
161.511	6.700	21.000	21.000	21.000	-2.400e+01	-1.774e-08	1.353e+09	-2.400e+01	-1.050e-06	2.287e+07	2.190e+01	-4.391e-07
162.248	6.800	21.000	21.000	21.000	-2.400e+01	-1.723e-08	1.393e+09	-2.400e+01	-1.032e-06	2.325e+07	2.190e+01	-4.392e-07
162.987	6.900	21.000	21.000	21.000	-2.400e+01	-1.684e-08	1.425e+09	-2.400e+01	-1.017e-06	2.361e+07	2.190e+01	-4.394e-07
163.727	7.000	21.000	21.000	21.000	-2.400e+01	-1.639e-08	1.464e+09	-2.400e+01	-1.001e-06	2.398e+07	2.190e+01	-4.395e-07
164.471	7.100	21.000	21.000	21.000	-2.400e+01	-1.588e-08	1.511e+09	-2.400e+01	-9.857e-07	2.435e+07	2.190e+01	-4.397e-07
165.222	7.200	21.000	21.000	21.000	-2.400e+01	-1.549e-08	1.550e+09	-2.400e+01	-9.736e-07	2.465e+07	2.190e+01	-4.399e-07
165.957	7.300	21.000	21.000	21.000	-2.400e+01	-1.500e-08	1.600e+09	-2.400e+01	-9.612e-07	2.497e+07	2.190e+01	-4.400e-07
166.697	7.400	21.000	21.000	21.000	-2.400e+01	-1.460e-08	1.644e+09	-2.400e+01	-9.483e-07	2.531e+07	2.190e+01	-4.401e-07
167.437	7.500	21.000	21.000	21.000	-2.400e+01	-1.414e-08	1.698e+09	-2.400e+01	-9.353e-07	2.566e+07	2.190e+01	-4.402e-07
168.197	7.600	21.000	21.000	21.000	-2.400e+01	-1.369e-08	1.753e+09	-2.400e+01	-9.234e-07	2.599e+07	2.190e+01	-4.403e-07
168.937	7.700	21.000	21.000	21.000	-2.400e+01	-1.328e-08	1.807e+09	-2.400e+01	-9.112e-07	2.634e+07	2.190e+01	-4.404e-07
169.677	7.800	21.000	21.000	21.000	-2.400e+01	-1.289e-08	1.862e+09	-2.400e+01	-8.974e-07	2.675e+07	2.190e+01	-4.405e-07
170.417	7.900	21.000	21.000	21.000	-2.400e+01	-1.248e-08	1.924e+09	-2.400e+01	-8.860e-07	2.709e+07	2.190e+01	-4.407e-07
171.178	8.000	21.000	21.000	21.000	-2.400e+01	-1.211e-08	1.982e+09	-2.400e+01	-8.735e-07	2.748e+07	2.190e+01	-4.408e-07
171.970	8.100	21.000	21.000	21.000	-2.400e+01	-1.168e-08	2.055e+09	-2.400e+01	-8.605e-07	2.789e+07	2.190e+01	-4.409e-07
172.707	8.200	21.000	21.000	21.000	-2.400e+01	-1.139e-08	2.107e+09	-2.400e+01	-8.493e-07	2.826e+07	2.190e+01	-4.410e-07
173.447	8.300	21.000	21.000	21.000	-2.400e+01	-1.098e-08	2.185e+09	-2.400e+01	-8.369e-07	2.868e+07	2.190e+01	-4.411e-07
174.206	8.400	21.000	21.000	21.000	-2.400e+01	-1.061e-08	2.262e+09	-2.400e+01	-8.247e-07	2.910e+07	2.190e+01	-4.412e-07
174.947	8.500	21.000	21.000	21.000	-2.400e+01	-1.027e-08	2.336e+09	-2.400e+01	-8.129e-07	2.952e+07	2.190e+01	-4.413e-07
175.667	8.600	21.000	21.000	21.000	-2.400e+01	-9.937e-09	2.415e+09	-2.400e+01	-8.011e-07	2.996e+07	2.190e+01	-4.414e-07
176.407	8.700	21.000	21.000	21.000	-2.400e+01	-9.624e-09	2.494e+09	-2.400e+01	-7.894e-07	3.040e+07	2.190e+01	-4.415e-07
177.219	8.800	21.000	21.000	21.000	-2.400e+01	-9.228e-09	2.601e+09	-2.400e+01	-7.779e-07	3.085e+07	2.190e+01	-4.416e-07
177.957	8.900	21.000	21.000	21.000	-2.400e+01	-8.928e-09	2.688e+09	-2.400e+01	-7.668e-07	3.130e+07	2.190e+01	-4.416e-07
178.697	9.000	21.000	21.000	21.000	-2.400e+01	-8.618e-09	2.785e+09	-2.400e+01	-7.545e-07	3.181e+07	2.190e+01	-4.417e-07
179.437	9.100	21.000	21.000	21.000	-2.400e+01	-8.311e-09	2.888e+09	-2.400e+01	-7.429e-07	3.231e+07	2.190e+01	-4.418e-07
180.197	9.200	21.000	21.000	21.000	-2.400e+01	-7.982e-09	3.007e+09	-2.400e+01	-7.313e-07	3.282e+07	2.190e+01	-4.419e-07
180.937	9.300	21.000	21.000	21.000	-2.400e+01	-7.663e-09	3.132e+09	-2.400e+01	-7.195e-07	3.336e+07	2.190e+01	-4.420e-07
181.677	9.400	21.000	21.000	21.000	-2.400e+01	-7.392e-09	3.247e+09	-2.400e+01	-7.089e-07	3.386e+07	2.190e+01	-4.420e-07
182.418	9.500	21.000	21.000	21.000	-2.400e+01	-7.091e-09	3.384e+09	-2.400e+01	-6.976e-07	3.441e+07	2.190e+01	-4.421e-07
183.178	9.600	21.000	21.000	21.000	-2.400e+01	-6.802e-09	3.528e+09	-2.400e+01	-6.857e-07	3.500e+07	2.190e+01	-4.422e-07
183.998	9.700	21.000	21.000	21.000	-2.400e+01	-6.488e-09	3.699e+09	-2.400e+01	-6.735e-07	3.564e+07	2.190e+01	-4.422e-07
184.737	9.800	21.000	21.000	21.000	-2.400e+01	-6.179e-09	3.884e+09	-2.400e+01	-6.624e-07	3.623e+07	2.190e+01	-4.423e-07
185.478	9.900	21.000	21.000	21.000	-2.400e+01	-5.959e-09	4.027e+09	-2.400e+01	-6.509e-07	3.687e+07	2.190e+01	-4.424e-07
186.218	10.000	21.000	21.000	21.000	-2.400e+01	-5.633e-09	4.261e+09	-2.400e+01	-6.392e-07	3.755e+07	2.190e+01	-4.425e-07
186.957	10.100	21.000	21.000	21.000	-2.400e+01	-5.354e-09	4.483e+09	-2.400e+01	-6.276e-07	3.824e+07	2.190e+01	-4.425e-07
187.679	10.200	21.000	21.000	21.000	-2.400e+01	-5.061e-09	4.742e+09	-2.400e+01	-6.163e-07	3.894e+07	2.190e+01	-4.426e-07
188.417	10.300	21.000	21.000	21.000	-2.400e+01	-4.815e-09	4.984e+09	-2.400e+01	-6.057e-07	3.962e+07	2.190e+01	-4.426e-07
189.179	10.400	21.000	21.000	21.000	-2.400e+01	-4.590e-09	5.229e+09	-2.400e+01	-5.951e-07	4.033e+07	2.190e+01	-4.427e-07
189.917	10.500	21.000	21.000	21.000	-2.400e+01	-4.360e-09	5.505e+09	-2.400e+01	-5.851e-07	4.102e+07	2.190e+01	-4.427e-07
190.658	10.600	21.000	21.000	21.000	-2.400e+01	-4.146e-09	5.788e+09	-2.400e+01	-5.747e-07	4.176e+07	2.190e+01	-4.428e-07
191.397	10.700	21.000	21.000	21.000	-2.400e+01	-4.039e-09	5.942e+09	-2.400e+01	-5.648e-07	4.249e+07	2.190e+01	-4.429e-07
192.118	10.800	21.000	21.000	21.000	-2.400e+01	-3.852e-09	6.230e+09	-2.400e+01	-5.549e-07	4.325e+07	2.190e+01	-4.429e-07
192.838	10.900	21.000	21.000	21.000	-2.400e+01	-3.662e-09	6.553e+09	-2.400e+01	-5.455e-07	4.399e+07	2.190e+01	-4.429e-07
193.577	11.000	21.000	21.000	21.000	-2.400e+01	-3.581e-09	6.702e+09	-2.400e+01	-5.364e-07	4.474e+07	2.190e+01	-4.430e-07
194.318	11.100	21.000	21.000	21.000	-2.400e+01	-3.399e-09	7.061e+09	-2.400e+01	-5.271e-07	4.553e+07	2.190e+01	-4.430e-07
195.057	11.200	21.000	21.000	21.000	-2.400e+01	-3.308e-09	7.255e+09	-2.400e+01	-5.181e-07	4.632e+07	2.190e+01	-4.431e-07
195.798	11.300	21.000	21.000	21.000	-2.400e+01	-3.205e-09	7.487e+09	-2.400e+01	-5.094e-07	4.711e+07	2.190e+01	-4.431e-07
196.538	11.400	21.000	21.000	21.000	-2.400e+01	-3.036e-09	7.904e+09	-2.400e+01	-5.005e-07	4.795e+07	2.190e+01	-4.431e-07
197.328	11.500	21.000	21.000	21.000	-2.400e+01	-2.949e-09	8.139e+09	-2.400e+01	-4.919e-07	4.879e+07	2.190e+01	-4.432e-07
198.068	11.600	21.000	21.000	21.000	-2.400e+01	-2.850e-09	8.421e+09	-2.400e+01	-4.833e-07	4.966e+07	2.190e+01	-4.433e-07
198.808	11.700	21.000	21.000	21.000	-2.400e+01	-2.825e-09	8.496e+09	-2.400e+01	-4.752e-07	5.051e+07	2.190e+01	-4.433e-07
199.548	11.800	21.000	21.000	21.000	-2.400e+01	-2.718e-09	8.830e+09	-2.400e+01	-4.669e-07	5.141e+07	2.190e+01	-4.433e-07
200.289	11.900	21.000	21.000	21.000	-2.400e+01	-2.673e-09	8.979e+09	-2.400e+01	-4.587e-07	5.232e+07	2.190e+01	-4.433e-07
201.028	12.000	21.000	21.000	21.000	-2.400e+01	-2.562e-09	9.369e+09	-2.400e+01	-4.506e-07	5.327e+07	2.190e+01	-4.434e-07
201.821	12.100	21.000	21.000	21.000	-2.400e+01	-2.479e-09	9.683e+09	-2.400e+01	-4.427e-07	5.422e+07	2.190e+01	-4.434e-07
202.539	12.200	21.000	21.000	21.000	-2.400e+01	-2.385e-09	1.006e+10	-2.400e+01	-4.348e-07	5.520e+07	2.190e+01	-4.434e-07
203.280	12.300	21.000	21.000	21.000	-2.400e+01	-2.292e-09	1.047e+10	-2.400e+01	-4.273e-07	5.616e+07	2.190e+01	-4.435e-07
204.018	12.400	21.000	21.000	21.000	-2.400e+01	-2.253e-09	1.065e+10	-2.400e+01	-4.196e-07	5.720e+07	2.190e+01	-4.436e-07
204.758	12.500	21.000	21.000	21.000	-2.400e+01	-2.184e-09	1.099e+10	-2.400e+01	-4.121e-07	5.824e+07	2.190e+01	-4.436e-07
205.498	12.600	21.000	21.000	21.000	-2.400e+01	-2.134e-09	1.125e+10	-2.400e+01	-4.051e-07	5.925e+07	2.190e+01	-4.436e-07
206.239	12.700	21.000	21.000	21.000	-2.400e+01	-2.116e-09	1.134e+10	-2.400e+01	-3.981e-07	6.029e+07	2.190e+01	-4.436e-07
206.978	12.800	21.000	21.000	21.000	-2.400e+01	-2.032e-09	1.181e+10	-2.400e+01	-3.912e-07	6.134e+07	2.190e+01	-4.437e-07
207.718	12.900	21.000	21.000	21.000	-2.400e+01	-1.949e-09	1.231e+10	-2.400e+01	-3.848e-07	6.237e+07	2.190e+01	-4.437e-07
208.439	13.000	21.000	21.000	21.000	-2.400e+01	-1.957e-09	1.227e+10	-2.400e+01	-3.779e-07	6.351e+07	2.190e+01	-4.437e-07
209.197	13.100	21.000	21.000	21.000	-2.400e+01	-1.847e-09	1.300e+10	-2.400e+01	-3.712e-07	6.466e+07	2.190e+01	-4.437e-07
209.938	13.200	21.000	21.000	21.000	-2.400e+01	-1.789e-09	1.342e+10	-2.400e+01	-3.649e-07	6.578e+07	2.190e+01	-4.438e-07
210.678	13.300	21.000	21.000	21.000	-2.400e+01	-1.808e-09	1.328e+10	-2.400e+01	-3.584e-07	6.696e+07	2.190e+01	-4.438e-07
211.418	13.400	21.000	21.000	21.000	-2.400e+01	-1.730e-09	1.387e+10	-2.400e+01	-3.520e-07	6.817e+07	2.190e+01	-4.438e-07
212.179	13.500	21.000	21.000	21.000	-2.400e+01	-1.704e-09	1.408e+10	-2.400e+01	-3.452e-07	6.952e+07	2.190e+01	-4.438e-07
212.918	13.600	21.000	21.000	21.000	-2.400e+01	-1.642e-09	1.462e+10	-2.400e+01	-3.384e-07	7.092e+07	2.190e+01	-4.439e-07
213.658	13.700	21.000	21.000	21.000	-2.400e+01	-1.572e-09	1.527e+10	-2.400e+01	-3.315e-07	7.239e+07	2.190e+01	-4.439e-07
214.468	13.800	21.000	21.000	21.000	-2.400e+01	-1.508e-09	1.591e+10	-2.400e+01	-3.247e-07	7.390e+07	2.190e+01	-4.439e-07
215.220	13.900	21.000	21.000	21.000	-2.400e+01	-1.516e-09	1.583e+10	-2.400e+01	-3.184e-07	7.537e+07	2.190e+01	-4.440e-07
215.958	14.000	21.000	21.000	21.000	-2.400e+01	-1.456e-09	1.649e+10	-2.400e+01	-3.131e-07	7.666e+07	2.190e+01	-4.440e-07
216.698	14.100	21.000	21.000	21.000	-2.400e+01	-1.443e-09	1.664e+10	-2.400e+01	-3.080e-07	7.792e+07	2.190e+01	-4.440e-07
217.439	14.200	21.000	21.000	21.000	-2.400e+01	-1.431e-09	1.678e+10	-2.400e+01	-3.046e-07	7.879e+07	2.190e+01	-4.441e-07
218.198	14.300	21.000	21.000	21.000	-2.400e+01	-1.411e-09	1.701e+10	-2.400e+01	-3.022e-07	7.942e+07	2.190e+01	-4.440e-07
218.939	14.400	21.000	21.000	21.000	-2.400e+01	-1.343e-09	1.787e+10	-2.400e+01	-3.005e-07	7.987e+07	2.190e+01	-4.441e-07
219.678	14.500	21.000	21.000	21.000	-2.400e+01	-1.312e-09	1.829e+10	-2.400e+01	-2.997e-07	8.008e+07	2.190e+01	-4.441e-07
220.418	14.600	21.000	21.000	21.000	-2.400e+01	-1.292e-09	1.858e+10	-2.400e+01	-2.987e-07	8.035e+07	2.190e+01	-4.441e-07
221.179	14.700	21.000	21.000	21.000	-2.400e+01	-1.220e-09	1.967e+10	-2.400e+01	-2.972e-07	8.075e+07	2.190e+01	-4.441e-07
221.918	14.800	21.000	21.000	21.000	-2.400e+01	-1.209e-09	1.985e+10	-2.400e+01	-2.944e-07	8.151e+07	2.190e+01	-4.441e-07
222.659	14.900	21.000	21.000	21.000	-2.400e+01	-1.198e-09	2.003e+10	-2.400e+01	-2.891e-07	8.302e+07	2.190e+01	-4.441e-07
223.398	15.000	21.000	21.000	21.000	-2.400e+01	-1.158e-09	2.072e+10	-2.400e+01	-2.807e-07	8.551e+07	2.190e+01	-4.442e-07
