time, s	APT pos, mm	APL pos, mm	APR pos, mm	APB pos, mm	TH1992B_1.VOLT1	TH1992B_1.CURR1	TH1992B_1.RES1	TH1992B_1.VOLT2	TH1992B_1.CURR2	TH1992B_1.RES2	TH2690A_1.VOLT	TH2690A_1.CURR
0.148	21.000	21.000	-20.000	21.000	-2.400e+01	-6.433e-09	3.731e+09	-2.400e+01	-2.816e-09	8.523e+09	2.190e+01	-2.203e-08
0.974	21.000	21.000	-19.900	21.000	-2.400e+01	-6.382e-09	3.761e+09	-2.400e+01	-2.808e-09	8.546e+09	2.190e+01	-2.223e-08
1.794	21.000	21.000	-19.800	21.000	-2.400e+01	-6.488e-09	3.699e+09	-2.400e+01	-2.815e-09	8.527e+09	2.190e+01	-2.251e-08
2.505	21.000	21.000	-19.700	21.000	-2.400e+01	-6.452e-09	3.720e+09	-2.400e+01	-2.825e-09	8.497e+09	2.190e+01	-2.268e-08
3.224	21.000	21.000	-19.600	21.000	-2.400e+01	-6.533e-09	3.674e+09	-2.400e+01	-2.856e-09	8.403e+09	2.190e+01	-2.298e-08
3.945	21.000	21.000	-19.500	21.000	-2.400e+01	-6.549e-09	3.665e+09	-2.400e+01	-2.827e-09	8.488e+09	2.190e+01	-2.327e-08
4.684	21.000	21.000	-19.400	21.000	-2.400e+01	-6.550e-09	3.664e+09	-2.400e+01	-2.849e-09	8.424e+09	2.190e+01	-2.356e-08
5.388	21.000	21.000	-19.300	21.000	-2.400e+01	-6.557e-09	3.660e+09	-2.400e+01	-2.789e-09	8.604e+09	2.190e+01	-2.402e-08
6.105	21.000	21.000	-19.200	21.000	-2.400e+01	-6.620e-09	3.625e+09	-2.400e+01	-2.863e-09	8.382e+09	2.190e+01	-2.431e-08
6.824	21.000	21.000	-19.100	21.000	-2.400e+01	-6.656e-09	3.606e+09	-2.400e+01	-2.815e-09	8.527e+09	2.190e+01	-2.459e-08
7.545	21.000	21.000	-19.000	21.000	-2.400e+01	-6.695e-09	3.585e+09	-2.400e+01	-2.858e-09	8.396e+09	2.190e+01	-2.485e-08
8.327	21.000	21.000	-18.900	21.000	-2.400e+01	-6.737e-09	3.562e+09	-2.400e+01	-2.889e-09	8.307e+09	2.190e+01	-2.510e-08
9.055	21.000	21.000	-18.800	21.000	-2.400e+01	-6.827e-09	3.516e+09	-2.400e+01	-2.864e-09	8.380e+09	2.190e+01	-2.532e-08
9.814	21.000	21.000	-18.700	21.000	-2.400e+01	-6.859e-09	3.499e+09	-2.400e+01	-2.900e-09	8.275e+09	2.190e+01	-2.559e-08
10.544	21.000	21.000	-18.600	21.000	-2.400e+01	-6.878e-09	3.489e+09	-2.400e+01	-2.869e-09	8.364e+09	2.190e+01	-2.580e-08
11.255	21.000	21.000	-18.500	21.000	-2.400e+01	-6.966e-09	3.445e+09	-2.400e+01	-2.884e-09	8.322e+09	2.190e+01	-2.605e-08
11.994	21.000	21.000	-18.400	21.000	-2.400e+01	-7.072e-09	3.393e+09	-2.400e+01	-2.855e-09	8.407e+09	2.190e+01	-2.632e-08
12.736	21.000	21.000	-18.300	21.000	-2.400e+01	-7.157e-09	3.353e+09	-2.400e+01	-2.948e-09	8.141e+09	2.190e+01	-2.655e-08
13.484	21.000	21.000	-18.200	21.000	-2.400e+01	-7.209e-09	3.329e+09	-2.400e+01	-2.953e-09	8.126e+09	2.190e+01	-2.672e-08
14.225	21.000	21.000	-18.100	21.000	-2.400e+01	-7.317e-09	3.280e+09	-2.400e+01	-2.966e-09	8.092e+09	2.190e+01	-2.719e-08
14.964	21.000	21.000	-18.000	21.000	-2.400e+01	-7.479e-09	3.209e+09	-2.400e+01	-3.004e-09	7.990e+09	2.190e+01	-2.744e-08
15.696	21.000	21.000	-17.900	21.000	-2.400e+01	-7.640e-09	3.141e+09	-2.400e+01	-3.039e-09	7.898e+09	2.190e+01	-2.770e-08
16.435	21.000	21.000	-17.800	21.000	-2.400e+01	-7.746e-09	3.098e+09	-2.400e+01	-3.068e-09	7.824e+09	2.190e+01	-2.796e-08
17.244	21.000	21.000	-17.700	21.000	-2.400e+01	-8.004e-09	2.999e+09	-2.400e+01	-3.047e-09	7.877e+09	2.190e+01	-2.821e-08
17.985	21.000	21.000	-17.600	21.000	-2.400e+01	-8.234e-09	2.915e+09	-2.400e+01	-3.095e-09	7.755e+09	2.190e+01	-2.839e-08
18.726	21.000	21.000	-17.500	21.000	-2.400e+01	-8.537e-09	2.811e+09	-2.400e+01	-3.111e-09	7.716e+09	2.190e+01	-2.865e-08
19.475	21.000	21.000	-17.400	21.000	-2.400e+01	-8.928e-09	2.688e+09	-2.400e+01	-3.161e-09	7.592e+09	2.190e+01	-2.911e-08
20.215	21.000	21.000	-17.300	21.000	-2.400e+01	-9.381e-09	2.558e+09	-2.400e+01	-3.196e-09	7.510e+09	2.190e+01	-2.937e-08
20.955	21.000	21.000	-17.200	21.000	-2.400e+01	-9.858e-09	2.434e+09	-2.400e+01	-3.200e-09	7.499e+09	2.190e+01	-2.965e-08
21.697	21.000	21.000	-17.100	21.000	-2.400e+01	-1.036e-08	2.316e+09	-2.400e+01	-3.227e-09	7.438e+09	2.190e+01	-2.990e-08
22.435	21.000	21.000	-17.000	21.000	-2.400e+01	-1.108e-08	2.166e+09	-2.400e+01	-3.257e-09	7.368e+09	2.190e+01	-3.017e-08
23.175	21.000	21.000	-16.900	21.000	-2.400e+01	-1.189e-08	2.019e+09	-2.400e+01	-3.294e-09	7.285e+09	2.190e+01	-3.044e-08
23.915	21.000	21.000	-16.800	21.000	-2.400e+01	-1.290e-08	1.861e+09	-2.400e+01	-3.336e-09	7.195e+09	2.190e+01	-3.070e-08
24.756	21.000	21.000	-16.700	21.000	-2.400e+01	-1.410e-08	1.702e+09	-2.400e+01	-3.374e-09	7.113e+09	2.190e+01	-3.111e-08
25.505	21.000	21.000	-16.600	21.000	-2.400e+01	-1.595e-08	1.505e+09	-2.400e+01	-3.407e-09	7.045e+09	2.190e+01	-3.137e-08
26.225	21.000	21.000	-16.500	21.000	-2.400e+01	-1.720e-08	1.395e+09	-2.400e+01	-3.459e-09	6.939e+09	2.190e+01	-3.164e-08
26.975	21.000	21.000	-16.400	21.000	-2.400e+01	-1.929e-08	1.244e+09	-2.400e+01	-3.533e-09	6.794e+09	2.190e+01	-3.191e-08
27.716	21.000	21.000	-16.300	21.000	-2.400e+01	-2.165e-08	1.109e+09	-2.400e+01	-3.510e-09	6.837e+09	2.190e+01	-3.217e-08
28.455	21.000	21.000	-16.200	21.000	-2.400e+01	-2.422e-08	9.908e+08	-2.400e+01	-3.576e-09	6.711e+09	2.190e+01	-3.242e-08
29.205	21.000	21.000	-16.100	21.000	-2.400e+01	-2.637e-08	9.101e+08	-2.400e+01	-3.585e-09	6.694e+09	2.190e+01	-3.265e-08
29.945	21.000	21.000	-16.000	21.000	-2.400e+01	-2.957e-08	8.115e+08	-2.400e+01	-3.626e-09	6.619e+09	2.190e+01	-3.300e-08
30.696	21.000	21.000	-15.900	21.000	-2.400e+01	-3.368e-08	7.126e+08	-2.400e+01	-3.689e-09	6.506e+09	2.190e+01	-3.321e-08
31.435	21.000	21.000	-15.800	21.000	-2.400e+01	-3.784e-08	6.342e+08	-2.400e+01	-3.739e-09	6.420e+09	2.190e+01	-3.336e-08
32.246	21.000	21.000	-15.700	21.000	-2.400e+01	-4.265e-08	5.627e+08	-2.400e+01	-3.768e-09	6.369e+09	2.190e+01	-3.352e-08
32.989	21.000	21.000	-15.600	21.000	-2.400e+01	-4.773e-08	5.028e+08	-2.400e+01	-3.800e-09	6.316e+09	2.190e+01	-3.356e-08
33.741	21.000	21.000	-15.500	21.000	-2.400e+01	-5.270e-08	4.554e+08	-2.400e+01	-3.832e-09	6.263e+09	2.190e+01	-3.373e-08
34.485	21.000	21.000	-15.400	21.000	-2.400e+01	-6.009e-08	3.994e+08	-2.400e+01	-3.858e-09	6.220e+09	2.190e+01	-3.398e-08
35.226	21.000	21.000	-15.300	21.000	-2.400e+01	-6.765e-08	3.548e+08	-2.400e+01	-3.881e-09	6.184e+09	2.190e+01	-3.412e-08
35.965	21.000	21.000	-15.200	21.000	-2.400e+01	-7.568e-08	3.171e+08	-2.400e+01	-3.936e-09	6.098e+09	2.190e+01	-3.426e-08
36.706	21.000	21.000	-15.100	21.000	-2.400e+01	-8.430e-08	2.847e+08	-2.400e+01	-4.011e-09	5.984e+09	2.190e+01	-3.430e-08
37.439	21.000	21.000	-15.000	21.000	-2.400e+01	-9.382e-08	2.558e+08	-2.400e+01	-4.018e-09	5.974e+09	2.190e+01	-3.451e-08
38.248	21.000	21.000	-14.900	21.000	-2.400e+01	-1.044e-07	2.298e+08	-2.400e+01	-4.071e-09	5.895e+09	2.190e+01	-3.455e-08
38.996	21.000	21.000	-14.800	21.000	-2.400e+01	-1.160e-07	2.069e+08	-2.400e+01	-4.154e-09	5.777e+09	2.190e+01	-3.469e-08
39.736	21.000	21.000	-14.700	21.000	-2.400e+01	-1.295e-07	1.853e+08	-2.400e+01	-4.136e-09	5.802e+09	2.190e+01	-3.494e-08
40.475	21.000	21.000	-14.600	21.000	-2.400e+01	-1.448e-07	1.657e+08	-2.400e+01	-4.192e-09	5.725e+09	2.190e+01	-3.507e-08
41.226	21.000	21.000	-14.500	21.000	-2.400e+01	-1.612e-07	1.489e+08	-2.400e+01	-4.236e-09	5.666e+09	2.190e+01	-3.518e-08
41.975	21.000	21.000	-14.400	21.000	-2.400e+01	-1.757e-07	1.366e+08	-2.400e+01	-4.304e-09	5.576e+09	2.190e+01	-3.522e-08
42.717	21.000	21.000	-14.300	21.000	-2.400e+01	-1.944e-07	1.234e+08	-2.400e+01	-4.312e-09	5.566e+09	2.190e+01	-3.537e-08
43.455	21.000	21.000	-14.200	21.000	-2.400e+01	-2.148e-07	1.118e+08	-2.400e+01	-4.367e-09	5.496e+09	2.190e+01	-3.541e-08
44.200	21.000	21.000	-14.100	21.000	-2.400e+01	-2.354e-07	1.020e+08	-2.400e+01	-4.334e-09	5.537e+09	2.190e+01	-3.553e-08
44.939	21.000	21.000	-14.000	21.000	-2.400e+01	-2.553e-07	9.399e+07	-2.400e+01	-4.363e-09	5.501e+09	2.190e+01	-3.557e-08
45.701	21.000	21.000	-13.900	21.000	-2.400e+01	-2.780e-07	8.634e+07	-2.400e+01	-4.449e-09	5.395e+09	2.190e+01	-3.570e-08
46.449	21.000	21.000	-13.800	21.000	-2.400e+01	-2.980e-07	8.054e+07	-2.400e+01	-4.494e-09	5.341e+09	2.190e+01	-3.573e-08
47.195	21.000	21.000	-13.700	21.000	-2.400e+01	-3.206e-07	7.485e+07	-2.400e+01	-4.550e-09	5.274e+09	2.190e+01	-3.585e-08
47.936	21.000	21.000	-13.600	21.000	-2.400e+01	-3.442e-07	6.973e+07	-2.400e+01	-4.503e-09	5.330e+09	2.190e+01	-3.584e-08
48.695	21.000	21.000	-13.500	21.000	-2.400e+01	-3.659e-07	6.559e+07	-2.400e+01	-4.581e-09	5.239e+09	2.190e+01	-3.586e-08
49.436	21.000	21.000	-13.400	21.000	-2.400e+01	-3.898e-07	6.157e+07	-2.400e+01	-4.567e-09	5.255e+09	2.190e+01	-3.587e-08
50.175	21.000	21.000	-13.300	21.000	-2.400e+01	-4.127e-07	5.815e+07	-2.400e+01	-4.570e-09	5.252e+09	2.190e+01	-3.590e-08
50.916	21.000	21.000	-13.200	21.000	-2.400e+01	-4.350e-07	5.517e+07	-2.400e+01	-4.648e-09	5.163e+09	2.190e+01	-3.591e-08
51.685	21.000	21.000	-13.100	21.000	-2.400e+01	-4.580e-07	5.240e+07	-2.400e+01	-4.630e-09	5.183e+09	2.190e+01	-3.592e-08
52.426	21.000	21.000	-13.000	21.000	-2.400e+01	-4.794e-07	5.006e+07	-2.400e+01	-4.672e-09	5.137e+09	2.190e+01	-3.591e-08
53.166	21.000	21.000	-12.900	21.000	-2.400e+01	-5.006e-07	4.794e+07	-2.400e+01	-4.695e-09	5.112e+09	2.190e+01	-3.589e-08
53.905	21.000	21.000	-12.800	21.000	-2.400e+01	-5.208e-07	4.608e+07	-2.400e+01	-4.728e-09	5.076e+09	2.190e+01	-3.585e-08
54.647	21.000	21.000	-12.700	21.000	-2.400e+01	-5.398e-07	4.446e+07	-2.400e+01	-4.714e-09	5.091e+09	2.190e+01	-3.582e-08
55.395	21.000	21.000	-12.600	21.000	-2.400e+01	-5.556e-07	4.320e+07	-2.400e+01	-4.765e-09	5.036e+09	2.190e+01	-3.577e-08
56.129	21.000	21.000	-12.500	21.000	-2.400e+01	-5.710e-07	4.203e+07	-2.400e+01	-4.761e-09	5.041e+09	2.190e+01	-3.567e-08
56.875	21.000	21.000	-12.400	21.000	-2.400e+01	-5.847e-07	4.105e+07	-2.400e+01	-4.770e-09	5.031e+09	2.190e+01	-3.563e-08
57.635	21.000	21.000	-12.300	21.000	-2.400e+01	-5.968e-07	4.022e+07	-2.400e+01	-4.791e-09	5.009e+09	2.190e+01	-3.549e-08
58.376	21.000	21.000	-12.200	21.000	-2.400e+01	-6.090e-07	3.941e+07	-2.400e+01	-4.821e-09	4.978e+09	2.190e+01	-3.547e-08
59.116	21.000	21.000	-12.100	21.000	-2.400e+01	-6.209e-07	3.865e+07	-2.400e+01	-4.855e-09	4.943e+09	2.190e+01	-3.533e-08
59.856	21.000	21.000	-12.000	21.000	-2.400e+01	-6.327e-07	3.793e+07	-2.400e+01	-4.810e-09	4.990e+09	2.190e+01	-3.531e-08
60.629	21.000	21.000	-11.900	21.000	-2.400e+01	-6.438e-07	3.728e+07	-2.400e+01	-4.829e-09	4.970e+09	2.190e+01	-3.527e-08
61.380	21.000	21.000	-11.800	21.000	-2.400e+01	-6.532e-07	3.674e+07	-2.400e+01	-4.869e-09	4.929e+09	2.190e+01	-3.514e-08
62.125	21.000	21.000	-11.700	21.000	-2.400e+01	-6.651e-07	3.608e+07	-2.400e+01	-4.840e-09	4.959e+09	2.190e+01	-3.499e-08
62.859	21.000	21.000	-11.600	21.000	-2.400e+01	-6.759e-07	3.551e+07	-2.400e+01	-4.848e-09	4.950e+09	2.190e+01	-3.496e-08
63.596	21.000	21.000	-11.500	21.000	-2.400e+01	-6.849e-07	3.504e+07	-2.400e+01	-4.912e-09	4.885e+09	2.190e+01	-3.483e-08
64.336	21.000	21.000	-11.400	21.000	-2.400e+01	-6.964e-07	3.446e+07	-2.400e+01	-4.872e-09	4.926e+09	2.190e+01	-3.470e-08
65.076	21.000	21.000	-11.300	21.000	-2.400e+01	-7.078e-07	3.391e+07	-2.400e+01	-4.892e-09	4.906e+09	2.190e+01	-3.468e-08
65.796	21.000	21.000	-11.200	21.000	-2.400e+01	-7.168e-07	3.348e+07	-2.400e+01	-4.919e-09	4.879e+09	2.190e+01	-3.454e-08
66.536	21.000	21.000	-11.100	21.000	-2.400e+01	-7.270e-07	3.301e+07	-2.400e+01	-4.935e-09	4.863e+09	2.190e+01	-3.448e-08
67.277	21.000	21.000	-11.000	21.000	-2.400e+01	-7.380e-07	3.252e+07	-2.400e+01	-4.920e-09	4.878e+09	2.190e+01	-3.433e-08
68.069	21.000	21.000	-10.900	21.000	-2.400e+01	-7.485e-07	3.206e+07	-2.400e+01	-4.955e-09	4.843e+09	2.190e+01	-3.428e-08
68.806	21.000	21.000	-10.800	21.000	-2.400e+01	-7.595e-07	3.160e+07	-2.400e+01	-4.941e-09	4.858e+09	2.190e+01	-3.410e-08
69.679	21.000	21.000	-10.700	21.000	-2.400e+01	-7.684e-07	3.123e+07	-2.400e+01	-4.949e-09	4.850e+09	2.190e+01	-3.394e-08
70.416	21.000	21.000	-10.600	21.000	-2.400e+01	-7.788e-07	3.082e+07	-2.400e+01	-4.927e-09	4.871e+09	2.190e+01	-3.392e-08
71.156	21.000	21.000	-10.500	21.000	-2.400e+01	-7.890e-07	3.042e+07	-2.400e+01	-4.931e-09	4.867e+09	2.190e+01	-3.381e-08
71.889	21.000	21.000	-10.400	21.000	-2.400e+01	-7.986e-07	3.005e+07	-2.400e+01	-4.936e-09	4.863e+09	2.190e+01	-3.358e-08
72.646	21.000	21.000	-10.300	21.000	-2.400e+01	-8.124e-07	2.954e+07	-2.400e+01	-4.971e-09	4.828e+09	2.190e+01	-3.346e-08
73.379	21.000	21.000	-10.200	21.000	-2.400e+01	-8.214e-07	2.922e+07	-2.400e+01	-4.973e-09	4.826e+09	2.190e+01	-3.334e-08
74.127	21.000	21.000	-10.100	21.000	-2.400e+01	-8.295e-07	2.893e+07	-2.400e+01	-4.961e-09	4.837e+09	2.190e+01	-3.320e-08
74.876	21.000	21.000	-10.000	21.000	-2.400e+01	-8.373e-07	2.866e+07	-2.400e+01	-5.034e-09	4.768e+09	2.190e+01	-3.307e-08
75.636	21.000	21.000	-9.900	21.000	-2.400e+01	-8.460e-07	2.837e+07	-2.400e+01	-5.019e-09	4.782e+09	2.190e+01	-3.296e-08
76.390	21.000	21.000	-9.800	21.000	-2.400e+01	-8.570e-07	2.801e+07	-2.400e+01	-4.990e-09	4.810e+09	2.190e+01	-3.292e-08
77.140	21.000	21.000	-9.700	21.000	-2.400e+01	-8.657e-07	2.772e+07	-2.400e+01	-5.025e-09	4.777e+09	2.190e+01	-3.266e-08
77.886	21.000	21.000	-9.600	21.000	-2.400e+01	-8.720e-07	2.752e+07	-2.400e+01	-4.988e-09	4.812e+09	2.190e+01	-3.252e-08
78.626	21.000	21.000	-9.500	21.000	-2.400e+01	-8.808e-07	2.725e+07	-2.400e+01	-5.009e-09	4.792e+09	2.190e+01	-3.237e-08
79.367	21.000	21.000	-9.400	21.000	-2.400e+01	-8.900e-07	2.697e+07	-2.400e+01	-5.035e-09	4.767e+09	2.190e+01	-3.234e-08
80.106	21.000	21.000	-9.300	21.000	-2.400e+01	-8.992e-07	2.669e+07	-2.400e+01	-5.007e-09	4.793e+09	2.190e+01	-3.212e-08
80.847	21.000	21.000	-9.200	21.000	-2.400e+01	-9.057e-07	2.650e+07	-2.400e+01	-5.040e-09	4.762e+09	2.190e+01	-3.207e-08
81.577	21.000	21.000	-9.100	21.000	-2.400e+01	-9.106e-07	2.636e+07	-2.400e+01	-5.008e-09	4.793e+09	2.190e+01	-3.192e-08
82.317	21.000	21.000	-9.000	21.000	-2.400e+01	-9.209e-07	2.606e+07	-2.400e+01	-4.992e-09	4.808e+09	2.190e+01	-3.179e-08
83.049	21.000	21.000	-8.900	21.000	-2.400e+01	-9.272e-07	2.588e+07	-2.400e+01	-4.997e-09	4.803e+09	2.190e+01	-3.165e-08
83.780	21.000	21.000	-8.800	21.000	-2.400e+01	-9.340e-07	2.570e+07	-2.400e+01	-4.991e-09	4.808e+09	2.190e+01	-3.149e-08
84.590	21.000	21.000	-8.700	21.000	-2.400e+01	-9.405e-07	2.552e+07	-2.400e+01	-4.990e-09	4.810e+09	2.190e+01	-3.123e-08
85.326	21.000	21.000	-8.600	21.000	-2.400e+01	-9.469e-07	2.535e+07	-2.400e+01	-4.975e-09	4.824e+09	2.190e+01	-3.110e-08
86.067	21.000	21.000	-8.500	21.000	-2.400e+01	-9.528e-07	2.519e+07	-2.400e+01	-5.041e-09	4.761e+09	2.190e+01	-3.096e-08
86.817	21.000	21.000	-8.400	21.000	-2.400e+01	-9.567e-07	2.509e+07	-2.400e+01	-5.034e-09	4.768e+09	2.190e+01	-3.082e-08
87.568	21.000	21.000	-8.300	21.000	-2.400e+01	-9.623e-07	2.494e+07	-2.400e+01	-4.991e-09	4.809e+09	2.190e+01	-3.077e-08
88.306	21.000	21.000	-8.200	21.000	-2.400e+01	-9.700e-07	2.474e+07	-2.400e+01	-5.055e-09	4.748e+09	2.190e+01	-3.060e-08
89.046	21.000	21.000	-8.100	21.000	-2.400e+01	-9.750e-07	2.461e+07	-2.400e+01	-5.010e-09	4.791e+09	2.190e+01	-3.034e-08
89.780	21.000	21.000	-8.000	21.000	-2.400e+01	-9.800e-07	2.449e+07	-2.400e+01	-5.011e-09	4.789e+09	2.190e+01	-3.018e-08
90.526	21.000	21.000	-7.900	21.000	-2.400e+01	-9.837e-07	2.440e+07	-2.400e+01	-5.008e-09	4.793e+09	2.190e+01	-2.997e-08
91.267	21.000	21.000	-7.800	21.000	-2.400e+01	-9.884e-07	2.428e+07	-2.400e+01	-5.030e-09	4.771e+09	2.190e+01	-2.976e-08
92.006	21.000	21.000	-7.700	21.000	-2.400e+01	-9.929e-07	2.417e+07	-2.400e+01	-5.055e-09	4.748e+09	2.190e+01	-2.950e-08
92.758	21.000	21.000	-7.600	21.000	-2.400e+01	-9.983e-07	2.404e+07	-2.400e+01	-5.065e-09	4.739e+09	2.190e+01	-2.923e-08
93.506	21.000	21.000	-7.500	21.000	-2.400e+01	-1.002e-06	2.396e+07	-2.400e+01	-5.030e-09	4.771e+09	2.190e+01	-3.034e-08
94.247	21.000	21.000	-7.400	21.000	-2.400e+01	-1.005e-06	2.388e+07	-2.400e+01	-5.062e-09	4.741e+09	2.190e+01	-3.344e-08
94.987	21.000	21.000	-7.300	21.000	-2.400e+01	-1.009e-06	2.379e+07	-2.400e+01	-5.050e-09	4.752e+09	2.190e+01	-3.865e-08
95.728	21.000	21.000	-7.200	21.000	-2.400e+01	-1.013e-06	2.369e+07	-2.400e+01	-5.095e-09	4.711e+09	2.190e+01	-5.107e-08
96.470	21.000	21.000	-7.100	21.000	-2.400e+01	-1.017e-06	2.359e+07	-2.400e+01	-5.093e-09	4.712e+09	2.190e+01	-6.092e-08
97.216	21.000	21.000	-7.000	21.000	-2.400e+01	-1.021e-06	2.351e+07	-2.400e+01	-5.037e-09	4.764e+09	2.190e+01	-7.260e-08
98.010	21.000	21.000	-6.900	21.000	-2.400e+01	-1.024e-06	2.344e+07	-2.400e+01	-5.081e-09	4.723e+09	2.190e+01	-8.537e-08
98.748	21.000	21.000	-6.800	21.000	-2.400e+01	-1.027e-06	2.337e+07	-2.400e+01	-5.127e-09	4.681e+09	2.190e+01	-9.653e-08
99.487	21.000	21.000	-6.700	21.000	-2.400e+01	-1.031e-06	2.329e+07	-2.400e+01	-5.102e-09	4.704e+09	2.190e+01	-1.113e-07
100.220	21.000	21.000	-6.600	21.000	-2.400e+01	-1.033e-06	2.323e+07	-2.400e+01	-5.108e-09	4.699e+09	2.190e+01	-1.270e-07
100.957	21.000	21.000	-6.500	21.000	-2.400e+01	-1.036e-06	2.317e+07	-2.400e+01	-5.213e-09	4.604e+09	2.190e+01	-1.569e-07
101.698	21.000	21.000	-6.400	21.000	-2.400e+01	-1.039e-06	2.311e+07	-2.400e+01	-5.167e-09	4.645e+09	2.190e+01	-1.763e-07
102.437	21.000	21.000	-6.300	21.000	-2.400e+01	-1.041e-06	2.306e+07	-2.400e+01	-5.198e-09	4.617e+09	2.190e+01	-1.967e-07
103.157	21.000	21.000	-6.200	21.000	-2.400e+01	-1.043e-06	2.300e+07	-2.400e+01	-5.209e-09	4.607e+09	2.190e+01	-2.001e-07
103.891	21.000	21.000	-6.100	21.000	-2.400e+01	-1.046e-06	2.294e+07	-2.400e+01	-5.200e-09	4.616e+09	2.190e+01	-2.206e-07
104.619	21.000	21.000	-6.000	21.000	-2.400e+01	-1.048e-06	2.290e+07	-2.400e+01	-5.207e-09	4.609e+09	2.190e+01	-2.230e-07
105.367	21.000	21.000	-5.900	21.000	-2.400e+01	-1.051e-06	2.284e+07	-2.400e+01	-5.284e-09	4.542e+09	2.190e+01	-2.232e-07
106.117	21.000	21.000	-5.800	21.000	-2.400e+01	-1.053e-06	2.280e+07	-2.400e+01	-5.252e-09	4.569e+09	2.190e+01	-2.232e-07
106.927	21.000	21.000	-5.700	21.000	-2.400e+01	-1.055e-06	2.276e+07	-2.400e+01	-5.239e-09	4.581e+09	2.190e+01	-2.233e-07
107.758	21.000	21.000	-5.600	21.000	-2.400e+01	-1.057e-06	2.271e+07	-2.400e+01	-5.288e-09	4.539e+09	2.190e+01	-2.232e-07
108.507	21.000	21.000	-5.500	21.000	-2.400e+01	-1.060e-06	2.265e+07	-2.400e+01	-5.272e-09	4.553e+09	2.190e+01	-2.231e-07
109.357	21.000	21.000	-5.400	21.000	-2.400e+01	-1.061e-06	2.262e+07	-2.400e+01	-5.231e-09	4.588e+09	2.190e+01	-2.230e-07
110.130	21.000	21.000	-5.300	21.000	-2.400e+01	-1.062e-06	2.259e+07	-2.400e+01	-5.238e-09	4.582e+09	2.190e+01	-2.229e-07
110.878	21.000	21.000	-5.200	21.000	-2.400e+01	-1.064e-06	2.255e+07	-2.400e+01	-5.306e-09	4.523e+09	2.190e+01	-2.228e-07
111.636	21.000	21.000	-5.100	21.000	-2.400e+01	-1.066e-06	2.252e+07	-2.400e+01	-5.281e-09	4.545e+09	2.190e+01	-2.227e-07
112.388	21.000	21.000	-5.000	21.000	-2.400e+01	-1.068e-06	2.247e+07	-2.400e+01	-5.264e-09	4.559e+09	2.190e+01	-2.226e-07
113.137	21.000	21.000	-4.900	21.000	-2.400e+01	-1.069e-06	2.245e+07	-2.400e+01	-5.305e-09	4.524e+09	2.190e+01	-2.224e-07
113.870	21.000	21.000	-4.800	21.000	-2.400e+01	-1.071e-06	2.241e+07	-2.400e+01	-5.302e-09	4.526e+09	2.190e+01	-2.223e-07
114.597	21.000	21.000	-4.700	21.000	-2.400e+01	-1.072e-06	2.238e+07	-2.400e+01	-5.310e-09	4.520e+09	2.190e+01	-2.222e-07
115.347	21.000	21.000	-4.600	21.000	-2.400e+01	-1.074e-06	2.235e+07	-2.400e+01	-5.299e-09	4.529e+09	2.190e+01	-2.220e-07
116.088	21.000	21.000	-4.500	21.000	-2.400e+01	-1.075e-06	2.232e+07	-2.400e+01	-5.361e-09	4.477e+09	2.190e+01	-2.219e-07
116.837	21.000	21.000	-4.400	21.000	-2.400e+01	-1.076e-06	2.230e+07	-2.400e+01	-5.334e-09	4.500e+09	2.190e+01	-2.218e-07
117.579	21.000	21.000	-4.300	21.000	-2.400e+01	-1.078e-06	2.227e+07	-2.400e+01	-5.336e-09	4.498e+09	2.190e+01	-2.216e-07
118.327	21.000	21.000	-4.200	21.000	-2.400e+01	-1.079e-06	2.224e+07	-2.400e+01	-5.285e-09	4.541e+09	2.190e+01	-2.215e-07
119.077	21.000	21.000	-4.100	21.000	-2.400e+01	-1.080e-06	2.221e+07	-2.400e+01	-5.360e-09	4.478e+09	2.190e+01	-2.214e-07
119.827	21.000	21.000	-4.000	21.000	-2.400e+01	-1.082e-06	2.219e+07	-2.400e+01	-5.336e-09	4.498e+09	2.190e+01	-2.212e-07
120.579	21.000	21.000	-3.900	21.000	-2.400e+01	-1.083e-06	2.216e+07	-2.400e+01	-5.360e-09	4.478e+09	2.190e+01	-2.211e-07
121.298	21.000	21.000	-3.800	21.000	-2.400e+01	-1.084e-06	2.214e+07	-2.400e+01	-5.349e-09	4.487e+09	2.190e+01	-2.210e-07
122.087	21.000	21.000	-3.700	21.000	-2.400e+01	-1.085e-06	2.212e+07	-2.400e+01	-5.377e-09	4.464e+09	2.190e+01	-2.209e-07
122.828	21.000	21.000	-3.600	21.000	-2.400e+01	-1.086e-06	2.210e+07	-2.400e+01	-5.397e-09	4.447e+09	2.190e+01	-2.208e-07
123.585	21.000	21.000	-3.500	21.000	-2.400e+01	-1.088e-06	2.207e+07	-2.400e+01	-5.384e-09	4.458e+09	2.190e+01	-2.206e-07
124.328	21.000	21.000	-3.400	21.000	-2.400e+01	-1.088e-06	2.205e+07	-2.400e+01	-5.405e-09	4.441e+09	2.190e+01	-2.205e-07
125.067	21.000	21.000	-3.300	21.000	-2.400e+01	-1.089e-06	2.203e+07	-2.400e+01	-5.379e-09	4.462e+09	2.190e+01	-2.203e-07
125.807	21.000	21.000	-3.200	21.000	-2.400e+01	-1.090e-06	2.201e+07	-2.400e+01	-5.386e-09	4.456e+09	2.190e+01	-2.202e-07
126.548	21.000	21.000	-3.100	21.000	-2.400e+01	-1.091e-06	2.199e+07	-2.400e+01	-5.474e-09	4.384e+09	2.190e+01	-2.201e-07
127.298	21.000	21.000	-3.000	21.000	-2.400e+01	-1.093e-06	2.197e+07	-2.400e+01	-5.440e-09	4.411e+09	2.190e+01	-2.200e-07
128.090	21.000	21.000	-2.900	21.000	-2.400e+01	-1.093e-06	2.195e+07	-2.400e+01	-5.489e-09	4.372e+09	2.190e+01	-2.199e-07
128.837	21.000	21.000	-2.800	21.000	-2.400e+01	-1.094e-06	2.193e+07	-2.400e+01	-5.451e-09	4.403e+09	2.190e+01	-2.198e-07
129.588	21.000	21.000	-2.700	21.000	-2.400e+01	-1.095e-06	2.192e+07	-2.400e+01	-5.486e-09	4.375e+09	2.190e+01	-2.196e-07
130.341	21.000	21.000	-2.600	21.000	-2.400e+01	-1.096e-06	2.190e+07	-2.400e+01	-5.471e-09	4.387e+09	2.190e+01	-2.195e-07
131.092	21.000	21.000	-2.500	21.000	-2.400e+01	-1.096e-06	2.189e+07	-2.400e+01	-5.537e-09	4.335e+09	2.190e+01	-2.194e-07
131.838	21.000	21.000	-2.400	21.000	-2.400e+01	-1.097e-06	2.187e+07	-2.400e+01	-5.492e-09	4.370e+09	2.190e+01	-2.193e-07
132.589	21.000	21.000	-2.300	21.000	-2.400e+01	-1.098e-06	2.186e+07	-2.400e+01	-5.525e-09	4.344e+09	2.190e+01	-2.191e-07
133.332	21.000	21.000	-2.200	21.000	-2.400e+01	-1.099e-06	2.185e+07	-2.400e+01	-5.544e-09	4.329e+09	2.190e+01	-2.190e-07
134.061	21.000	21.000	-2.100	21.000	-2.400e+01	-1.099e-06	2.183e+07	-2.400e+01	-5.549e-09	4.325e+09	2.190e+01	-2.189e-07
134.798	21.000	21.000	-2.000	21.000	-2.400e+01	-1.100e-06	2.182e+07	-2.400e+01	-5.620e-09	4.270e+09	2.190e+01	-2.188e-07
135.527	21.000	21.000	-1.900	21.000	-2.400e+01	-1.101e-06	2.180e+07	-2.400e+01	-5.612e-09	4.277e+09	2.190e+01	-2.186e-07
136.258	21.000	21.000	-1.800	21.000	-2.400e+01	-1.102e-06	2.179e+07	-2.400e+01	-5.632e-09	4.262e+09	2.190e+01	-2.185e-07
137.028	21.000	21.000	-1.700	21.000	-2.400e+01	-1.102e-06	2.177e+07	-2.400e+01	-5.613e-09	4.276e+09	2.190e+01	-2.184e-07
137.759	21.000	21.000	-1.600	21.000	-2.400e+01	-1.103e-06	2.176e+07	-2.400e+01	-5.650e-09	4.247e+09	2.190e+01	-2.183e-07
138.491	21.000	21.000	-1.500	21.000	-2.400e+01	-1.103e-06	2.175e+07	-2.400e+01	-5.659e-09	4.241e+09	2.190e+01	-2.182e-07
139.228	21.000	21.000	-1.400	21.000	-2.400e+01	-1.104e-06	2.174e+07	-2.400e+01	-5.712e-09	4.202e+09	2.190e+01	-2.180e-07
139.968	21.000	21.000	-1.300	21.000	-2.400e+01	-1.104e-06	2.173e+07	-2.400e+01	-5.703e-09	4.208e+09	2.190e+01	-2.179e-07
140.699	21.000	21.000	-1.200	21.000	-2.400e+01	-1.105e-06	2.172e+07	-2.400e+01	-5.742e-09	4.180e+09	2.190e+01	-2.178e-07
141.428	21.000	21.000	-1.100	21.000	-2.400e+01	-1.105e-06	2.171e+07	-2.400e+01	-5.761e-09	4.166e+09	2.190e+01	-2.177e-07
142.168	21.000	21.000	-1.000	21.000	-2.400e+01	-1.106e-06	2.170e+07	-2.400e+01	-5.742e-09	4.180e+09	2.190e+01	-2.176e-07
142.898	21.000	21.000	-0.900	21.000	-2.400e+01	-1.107e-06	2.168e+07	-2.400e+01	-5.807e-09	4.133e+09	2.190e+01	-2.174e-07
143.649	21.000	21.000	-0.800	21.000	-2.400e+01	-1.108e-06	2.166e+07	-2.400e+01	-5.776e-09	4.155e+09	2.190e+01	-2.173e-07
144.378	21.000	21.000	-0.700	21.000	-2.400e+01	-1.108e-06	2.166e+07	-2.400e+01	-5.746e-09	4.176e+09	2.190e+01	-2.172e-07
145.108	21.000	21.000	-0.600	21.000	-2.400e+01	-1.108e-06	2.166e+07	-2.400e+01	-5.852e-09	4.101e+09	2.190e+01	-2.171e-07
145.848	21.000	21.000	-0.500	21.000	-2.400e+01	-1.108e-06	2.165e+07	-2.400e+01	-5.877e-09	4.084e+09	2.190e+01	-2.170e-07
146.588	21.000	21.000	-0.400	21.000	-2.400e+01	-1.109e-06	2.165e+07	-2.400e+01	-5.899e-09	4.068e+09	2.190e+01	-2.169e-07
147.318	21.000	21.000	-0.300	21.000	-2.400e+01	-1.109e-06	2.164e+07	-2.400e+01	-5.919e-09	4.055e+09	2.190e+01	-2.168e-07
148.048	21.000	21.000	-0.200	21.000	-2.400e+01	-1.109e-06	2.163e+07	-2.400e+01	-5.956e-09	4.030e+09	2.190e+01	-2.167e-07
148.779	21.000	21.000	-0.100	21.000	-2.400e+01	-1.110e-06	2.162e+07	-2.400e+01	-5.941e-09	4.040e+09	2.190e+01	-2.166e-07
149.508	21.000	21.000	-0.000	21.000	-2.400e+01	-1.110e-06	2.161e+07	-2.400e+01	-5.952e-09	4.032e+09	2.190e+01	-2.165e-07
150.238	21.000	21.000	0.100	21.000	-2.400e+01	-1.111e-06	2.160e+07	-2.400e+01	-6.040e-09	3.974e+09	2.190e+01	-2.164e-07
150.968	21.000	21.000	0.200	21.000	-2.400e+01	-1.111e-06	2.160e+07	-2.400e+01	-6.031e-09	3.979e+09	2.190e+01	-2.181e-07
151.679	21.000	21.000	0.300	21.000	-2.400e+01	-1.112e-06	2.159e+07	-2.400e+01	-6.115e-09	3.925e+09	2.190e+01	-2.213e-07
152.408	21.000	21.000	0.400	21.000	-2.400e+01	-1.112e-06	2.158e+07	-2.400e+01	-6.237e-09	3.848e+09	2.190e+01	-2.243e-07
153.138	21.000	21.000	0.500	21.000	-2.400e+01	-1.112e-06	2.158e+07	-2.400e+01	-6.289e-09	3.816e+09	2.190e+01	-2.262e-07
153.871	21.000	21.000	0.600	21.000	-2.400e+01	-1.113e-06	2.157e+07	-2.400e+01	-6.285e-09	3.819e+09	2.190e+01	-2.283e-07
154.628	21.000	21.000	0.700	21.000	-2.400e+01	-1.113e-06	2.157e+07	-2.400e+01	-6.314e-09	3.801e+09	2.190e+01	-2.303e-07
155.358	21.000	21.000	0.800	21.000	-2.400e+01	-1.113e-06	2.156e+07	-2.400e+01	-6.366e-09	3.770e+09	2.190e+01	-2.314e-07
156.089	21.000	21.000	0.900	21.000	-2.400e+01	-1.114e-06	2.155e+07	-2.400e+01	-6.432e-09	3.731e+09	2.190e+01	-2.327e-07
156.828	21.000	21.000	1.000	21.000	-2.400e+01	-1.114e-06	2.154e+07	-2.400e+01	-6.468e-09	3.711e+09	2.190e+01	-2.330e-07
157.580	21.000	21.000	1.100	21.000	-2.400e+01	-1.114e-06	2.154e+07	-2.400e+01	-6.558e-09	3.660e+09	2.190e+01	-2.348e-07
158.371	21.000	21.000	1.200	21.000	-2.400e+01	-1.115e-06	2.153e+07	-2.400e+01	-6.583e-09	3.646e+09	2.190e+01	-2.353e-07
159.168	21.000	21.000	1.300	21.000	-2.400e+01	-1.115e-06	2.153e+07	-2.400e+01	-6.653e-09	3.607e+09	2.190e+01	-2.376e-07
159.908	21.000	21.000	1.400	21.000	-2.400e+01	-1.115e-06	2.152e+07	-2.400e+01	-6.698e-09	3.583e+09	2.190e+01	-2.389e-07
160.638	21.000	21.000	1.500	21.000	-2.400e+01	-1.116e-06	2.151e+07	-2.400e+01	-6.751e-09	3.555e+09	2.190e+01	-2.401e-07
161.369	21.000	21.000	1.600	21.000	-2.400e+01	-1.116e-06	2.151e+07	-2.400e+01	-6.849e-09	3.504e+09	2.190e+01	-2.405e-07
162.108	21.000	21.000	1.700	21.000	-2.400e+01	-1.116e-06	2.150e+07	-2.400e+01	-6.870e-09	3.493e+09	2.190e+01	-2.418e-07
162.820	21.000	21.000	1.800	21.000	-2.400e+01	-1.117e-06	2.149e+07	-2.400e+01	-6.908e-09	3.474e+09	2.190e+01	-2.435e-07
163.569	21.000	21.000	1.900	21.000	-2.400e+01	-1.117e-06	2.149e+07	-2.400e+01	-6.944e-09	3.456e+09	2.190e+01	-2.441e-07
164.299	21.000	21.000	2.000	21.000	-2.400e+01	-1.117e-06	2.149e+07	-2.400e+01	-6.958e-09	3.449e+09	2.190e+01	-2.454e-07
165.049	21.000	21.000	2.100	21.000	-2.400e+01	-1.117e-06	2.148e+07	-2.400e+01	-7.091e-09	3.384e+09	2.190e+01	-2.468e-07
165.788	21.000	21.000	2.200	21.000	-2.400e+01	-1.118e-06	2.147e+07	-2.400e+01	-7.124e-09	3.369e+09	2.190e+01	-2.486e-07
166.519	21.000	21.000	2.300	21.000	-2.400e+01	-1.118e-06	2.147e+07	-2.400e+01	-7.175e-09	3.345e+09	2.190e+01	-2.489e-07
167.258	21.000	21.000	2.400	21.000	-2.400e+01	-1.118e-06	2.147e+07	-2.400e+01	-7.200e-09	3.333e+09	2.190e+01	-2.507e-07
167.989	21.000	21.000	2.500	21.000	-2.400e+01	-1.118e-06	2.146e+07	-2.400e+01	-7.241e-09	3.314e+09	2.190e+01	-2.518e-07
168.719	21.000	21.000	2.600	21.000	-2.400e+01	-1.118e-06	2.146e+07	-2.400e+01	-7.279e-09	3.297e+09	2.190e+01	-2.522e-07
169.458	21.000	21.000	2.700	21.000	-2.400e+01	-1.119e-06	2.146e+07	-2.400e+01	-7.311e-09	3.283e+09	2.190e+01	-2.539e-07
170.199	21.000	21.000	2.800	21.000	-2.400e+01	-1.119e-06	2.145e+07	-2.400e+01	-7.395e-09	3.245e+09	2.190e+01	-2.543e-07
170.938	21.000	21.000	2.900	21.000	-2.400e+01	-1.119e-06	2.145e+07	-2.400e+01	-7.412e-09	3.238e+09	2.190e+01	-2.556e-07
171.699	21.000	21.000	3.000	21.000	-2.400e+01	-1.119e-06	2.144e+07	-2.400e+01	-7.457e-09	3.218e+09	2.190e+01	-2.572e-07
172.438	21.000	21.000	3.100	21.000	-2.400e+01	-1.119e-06	2.144e+07	-2.400e+01	-7.495e-09	3.202e+09	2.190e+01	-2.577e-07
173.169	21.000	21.000	3.200	21.000	-2.400e+01	-1.120e-06	2.143e+07	-2.400e+01	-7.579e-09	3.167e+09	2.190e+01	-2.600e-07
173.928	21.000	21.000	3.300	21.000	-2.400e+01	-1.120e-06	2.143e+07	-2.400e+01	-7.631e-09	3.145e+09	2.190e+01	-2.611e-07
174.678	21.000	21.000	3.400	21.000	-2.400e+01	-1.120e-06	2.143e+07	-2.400e+01	-7.627e-09	3.147e+09	2.190e+01	-2.622e-07
175.419	21.000	21.000	3.500	21.000	-2.400e+01	-1.120e-06	2.142e+07	-2.400e+01	-7.707e-09	3.114e+09	2.190e+01	-2.625e-07
176.158	21.000	21.000	3.600	21.000	-2.400e+01	-1.120e-06	2.142e+07	-2.400e+01	-7.742e-09	3.100e+09	2.190e+01	-2.643e-07
176.882	21.000	21.000	3.700	21.000	-2.400e+01	-1.120e-06	2.142e+07	-2.400e+01	-7.741e-09	3.100e+09	2.190e+01	-2.648e-07
177.638	21.000	21.000	3.800	21.000	-2.400e+01	-1.121e-06	2.141e+07	-2.400e+01	-7.807e-09	3.074e+09	2.190e+01	-2.661e-07
178.362	21.000	21.000	3.900	21.000	-2.400e+01	-1.121e-06	2.140e+07	-2.400e+01	-7.803e-09	3.076e+09	2.190e+01	-2.676e-07
179.099	21.000	21.000	4.000	21.000	-2.400e+01	-1.122e-06	2.139e+07	-2.400e+01	-7.878e-09	3.046e+09	2.190e+01	-2.682e-07
179.999	21.000	21.000	4.100	21.000	-2.400e+01	-1.122e-06	2.139e+07	-2.400e+01	-7.897e-09	3.039e+09	2.190e+01	-2.706e-07
180.731	21.000	21.000	4.200	21.000	-2.400e+01	-1.122e-06	2.140e+07	-2.400e+01	-7.969e-09	3.012e+09	2.190e+01	-2.708e-07
181.469	21.000	21.000	4.300	21.000	-2.400e+01	-1.122e-06	2.140e+07	-2.400e+01	-8.008e-09	2.997e+09	2.190e+01	-2.735e-07
182.199	21.000	21.000	4.400	21.000	-2.400e+01	-1.122e-06	2.140e+07	-2.400e+01	-8.054e-09	2.980e+09	2.190e+01	-2.766e-07
182.909	21.000	21.000	4.500	21.000	-2.400e+01	-1.122e-06	2.140e+07	-2.400e+01	-8.092e-09	2.966e+09	2.190e+01	-2.801e-07
183.660	21.000	21.000	4.600	21.000	-2.400e+01	-1.122e-06	2.140e+07	-2.400e+01	-8.089e-09	2.967e+09	2.190e+01	-2.838e-07
184.398	21.000	21.000	4.700	21.000	-2.400e+01	-1.122e-06	2.139e+07	-2.400e+01	-8.155e-09	2.943e+09	2.190e+01	-2.895e-07
185.129	21.000	21.000	4.800	21.000	-2.400e+01	-1.122e-06	2.139e+07	-2.400e+01	-8.157e-09	2.942e+09	2.190e+01	-2.930e-07
185.863	21.000	21.000	4.900	21.000	-2.400e+01	-1.122e-06	2.139e+07	-2.400e+01	-8.206e-09	2.925e+09	2.190e+01	-2.966e-07
186.599	21.000	21.000	5.000	21.000	-2.400e+01	-1.122e-06	2.139e+07	-2.400e+01	-8.245e-09	2.911e+09	2.190e+01	-3.001e-07
187.343	21.000	21.000	5.100	21.000	-2.400e+01	-1.122e-06	2.139e+07	-2.400e+01	-8.258e-09	2.906e+09	2.190e+01	-3.036e-07
188.131	21.000	21.000	5.200	21.000	-2.400e+01	-1.122e-06	2.139e+07	-2.400e+01	-8.252e-09	2.908e+09	2.190e+01	-3.069e-07
188.949	21.000	21.000	5.300	21.000	-2.400e+01	-1.121e-06	2.140e+07	-2.400e+01	-8.346e-09	2.875e+09	2.190e+01	-3.117e-07
189.698	21.000	21.000	5.400	21.000	-2.400e+01	-1.121e-06	2.141e+07	-2.400e+01	-8.369e-09	2.868e+09	2.190e+01	-3.152e-07
190.432	21.000	21.000	5.500	21.000	-2.400e+01	-1.120e-06	2.142e+07	-2.400e+01	-8.364e-09	2.869e+09	2.190e+01	-3.188e-07
191.169	21.000	21.000	5.600	21.000	-2.400e+01	-1.119e-06	2.144e+07	-2.400e+01	-8.371e-09	2.867e+09	2.190e+01	-3.226e-07
191.909	21.000	21.000	5.700	21.000	-2.400e+01	-1.119e-06	2.146e+07	-2.400e+01	-8.368e-09	2.868e+09	2.190e+01	-3.263e-07
192.669	21.000	21.000	5.800	21.000	-2.400e+01	-1.117e-06	2.148e+07	-2.400e+01	-8.374e-09	2.866e+09	2.190e+01	-3.301e-07
193.399	21.000	21.000	5.900	21.000	-2.400e+01	-1.116e-06	2.150e+07	-2.400e+01	-8.415e-09	2.852e+09	2.190e+01	-3.335e-07
194.139	21.000	21.000	6.000	21.000	-2.400e+01	-1.115e-06	2.153e+07	-2.400e+01	-8.456e-09	2.838e+09	2.190e+01	-3.370e-07
194.879	21.000	21.000	6.100	21.000	-2.400e+01	-1.113e-06	2.157e+07	-2.400e+01	-8.434e-09	2.846e+09	2.190e+01	-3.422e-07
195.622	21.000	21.000	6.200	21.000	-2.400e+01	-1.111e-06	2.160e+07	-2.400e+01	-8.430e-09	2.847e+09	2.190e+01	-3.449e-07
196.370	21.000	21.000	6.300	21.000	-2.400e+01	-1.109e-06	2.164e+07	-2.400e+01	-8.453e-09	2.839e+09	2.190e+01	-3.473e-07
197.109	21.000	21.000	6.400	21.000	-2.400e+01	-1.106e-06	2.170e+07	-2.400e+01	-8.480e-09	2.830e+09	2.190e+01	-3.496e-07
197.849	21.000	21.000	6.500	21.000	-2.400e+01	-1.103e-06	2.176e+07	-2.400e+01	-8.454e-09	2.839e+09	2.190e+01	-3.519e-07
198.582	21.000	21.000	6.600	21.000	-2.400e+01	-1.100e-06	2.182e+07	-2.400e+01	-8.450e-09	2.840e+09	2.190e+01	-3.540e-07
199.320	21.000	21.000	6.700	21.000	-2.400e+01	-1.096e-06	2.189e+07	-2.400e+01	-8.448e-09	2.841e+09	2.190e+01	-3.562e-07
200.050	21.000	21.000	6.800	21.000	-2.400e+01	-1.093e-06	2.196e+07	-2.400e+01	-8.456e-09	2.838e+09	2.190e+01	-3.584e-07
200.789	21.000	21.000	6.900	21.000	-2.400e+01	-1.088e-06	2.206e+07	-2.400e+01	-8.357e-09	2.872e+09	2.190e+01	-3.599e-07
201.530	21.000	21.000	7.000	21.000	-2.400e+01	-1.083e-06	2.216e+07	-2.400e+01	-8.422e-09	2.850e+09	2.190e+01	-3.621e-07
202.269	21.000	21.000	7.100	21.000	-2.400e+01	-1.078e-06	2.227e+07	-2.400e+01	-8.392e-09	2.860e+09	2.190e+01	-3.664e-07
203.000	21.000	21.000	7.200	21.000	-2.400e+01	-1.072e-06	2.240e+07	-2.400e+01	-8.401e-09	2.857e+09	2.190e+01	-3.685e-07
203.741	21.000	21.000	7.300	21.000	-2.400e+01	-1.065e-06	2.253e+07	-2.400e+01	-8.370e-09	2.867e+09	2.190e+01	-3.708e-07
204.480	21.000	21.000	7.400	21.000	-2.400e+01	-1.058e-06	2.269e+07	-2.400e+01	-8.395e-09	2.859e+09	2.190e+01	-3.728e-07
205.220	21.000	21.000	7.500	21.000	-2.400e+01	-1.050e-06	2.285e+07	-2.400e+01	-8.363e-09	2.870e+09	2.190e+01	-3.748e-07
205.959	21.000	21.000	7.600	21.000	-2.400e+01	-1.042e-06	2.303e+07	-2.400e+01	-8.338e-09	2.878e+09	2.190e+01	-3.768e-07
206.701	21.000	21.000	7.700	21.000	-2.400e+01	-1.034e-06	2.322e+07	-2.400e+01	-8.306e-09	2.889e+09	2.190e+01	-3.788e-07
207.422	21.000	21.000	7.800	21.000	-2.400e+01	-1.024e-06	2.344e+07	-2.400e+01	-8.300e-09	2.892e+09	2.190e+01	-3.808e-07
208.160	21.000	21.000	7.900	21.000	-2.400e+01	-1.013e-06	2.369e+07	-2.400e+01	-8.270e-09	2.902e+09	2.190e+01	-3.823e-07
208.874	21.000	21.000	8.000	21.000	-2.400e+01	-1.003e-06	2.393e+07	-2.400e+01	-8.197e-09	2.928e+09	2.190e+01	-3.844e-07
209.594	21.000	21.000	8.100	21.000	-2.400e+01	-9.905e-07	2.423e+07	-2.400e+01	-8.201e-09	2.926e+09	2.190e+01	-3.866e-07
210.334	21.000	21.000	8.200	21.000	-2.400e+01	-9.784e-07	2.453e+07	-2.400e+01	-8.168e-09	2.938e+09	2.190e+01	-3.887e-07
211.073	21.000	21.000	8.300	21.000	-2.400e+01	-9.647e-07	2.488e+07	-2.400e+01	-8.141e-09	2.948e+09	2.190e+01	-3.926e-07
211.810	21.000	21.000	8.400	21.000	-2.400e+01	-9.513e-07	2.523e+07	-2.400e+01	-8.156e-09	2.942e+09	2.190e+01	-3.947e-07
212.549	21.000	21.000	8.500	21.000	-2.400e+01	-9.368e-07	2.562e+07	-2.400e+01	-8.121e-09	2.955e+09	2.190e+01	-3.966e-07
213.280	21.000	21.000	8.600	21.000	-2.400e+01	-9.211e-07	2.606e+07	-2.400e+01	-8.061e-09	2.977e+09	2.190e+01	-3.985e-07
214.003	21.000	21.000	8.700	21.000	-2.400e+01	-9.049e-07	2.652e+07	-2.400e+01	-8.063e-09	2.977e+09	2.190e+01	-4.005e-07
214.741	21.000	21.000	8.800	21.000	-2.400e+01	-8.877e-07	2.704e+07	-2.400e+01	-8.001e-09	3.000e+09	2.190e+01	-4.023e-07
215.480	21.000	21.000	8.900	21.000	-2.400e+01	-8.688e-07	2.762e+07	-2.400e+01	-8.017e-09	2.994e+09	2.190e+01	-4.042e-07
216.190	21.000	21.000	9.000	21.000	-2.400e+01	-8.499e-07	2.824e+07	-2.400e+01	-7.980e-09	3.007e+09	2.190e+01	-4.059e-07
216.930	21.000	21.000	9.100	21.000	-2.400e+01	-8.301e-07	2.891e+07	-2.400e+01	-7.958e-09	3.016e+09	2.190e+01	-4.079e-07
217.689	21.000	21.000	9.200	21.000	-2.400e+01	-8.085e-07	2.969e+07	-2.400e+01	-7.894e-09	3.040e+09	2.190e+01	-4.095e-07
218.465	21.000	21.000	9.300	21.000	-2.400e+01	-7.867e-07	3.051e+07	-2.400e+01	-7.892e-09	3.041e+09	2.190e+01	-4.104e-07
219.200	21.000	21.000	9.400	21.000	-2.400e+01	-7.647e-07	3.138e+07	-2.400e+01	-7.868e-09	3.050e+09	2.190e+01	-4.138e-07
219.930	21.000	21.000	9.500	21.000	-2.400e+01	-7.411e-07	3.238e+07	-2.400e+01	-7.824e-09	3.067e+09	2.190e+01	-4.154e-07
220.690	21.000	21.000	9.600	21.000	-2.400e+01	-7.178e-07	3.343e+07	-2.400e+01	-7.800e-09	3.077e+09	2.190e+01	-4.169e-07
221.433	21.000	21.000	9.700	21.000	-2.400e+01	-6.934e-07	3.461e+07	-2.400e+01	-7.786e-09	3.082e+09	2.190e+01	-4.182e-07
222.174	21.000	21.000	9.800	21.000	-2.400e+01	-6.700e-07	3.582e+07	-2.400e+01	-7.765e-09	3.091e+09	2.190e+01	-4.188e-07
222.903	21.000	21.000	9.900	21.000	-2.400e+01	-6.451e-07	3.720e+07	-2.400e+01	-7.764e-09	3.091e+09	2.190e+01	-4.204e-07
223.661	21.000	21.000	10.000	21.000	-2.400e+01	-6.199e-07	3.872e+07	-2.400e+01	-7.758e-09	3.094e+09	2.190e+01	-4.217e-07
224.390	21.000	21.000	10.100	21.000	-2.400e+01	-5.950e-07	4.034e+07	-2.400e+01	-7.711e-09	3.112e+09	2.190e+01	-4.230e-07
225.130	21.000	21.000	10.200	21.000	-2.400e+01	-5.697e-07	4.213e+07	-2.400e+01	-7.687e-09	3.122e+09	2.190e+01	-4.242e-07
225.863	21.000	21.000	10.300	21.000	-2.400e+01	-5.451e-07	4.403e+07	-2.400e+01	-7.687e-09	3.122e+09	2.190e+01	-4.264e-07
226.600	21.000	21.000	10.400	21.000	-2.400e+01	-5.205e-07	4.611e+07	-2.400e+01	-7.639e-09	3.142e+09	2.190e+01	-4.267e-07
227.323	21.000	21.000	10.500	21.000	-2.400e+01	-4.949e-07	4.849e+07	-2.400e+01	-7.636e-09	3.143e+09	2.190e+01	-4.283e-07
228.060	21.000	21.000	10.600	21.000	-2.400e+01	-4.707e-07	5.099e+07	-2.400e+01	-7.662e-09	3.132e+09	2.190e+01	-4.286e-07
228.790	21.000	21.000	10.700	21.000	-2.400e+01	-4.471e-07	5.368e+07	-2.400e+01	-7.653e-09	3.136e+09	2.190e+01	-4.300e-07
229.520	21.000	21.000	10.800	21.000	-2.400e+01	-4.234e-07	5.668e+07	-2.400e+01	-7.607e-09	3.155e+09	2.190e+01	-4.303e-07
230.250	21.000	21.000	10.900	21.000	-2.400e+01	-4.000e-07	6.000e+07	-2.400e+01	-7.611e-09	3.153e+09	2.190e+01	-4.306e-07
230.984	21.000	21.000	11.000	21.000	-2.400e+01	-3.775e-07	6.357e+07	-2.400e+01	-7.576e-09	3.168e+09	2.190e+01	-4.318e-07
231.725	21.000	21.000	11.100	21.000	-2.400e+01	-3.556e-07	6.749e+07	-2.400e+01	-7.613e-09	3.152e+09	2.190e+01	-4.321e-07
232.460	21.000	21.000	11.200	21.000	-2.400e+01	-3.347e-07	7.170e+07	-2.400e+01	-7.642e-09	3.141e+09	2.190e+01	-4.324e-07
233.201	21.000	21.000	11.300	21.000	-2.400e+01	-3.144e-07	7.633e+07	-2.400e+01	-7.595e-09	3.160e+09	2.190e+01	-4.335e-07
233.940	21.000	21.000	11.400	21.000	-2.400e+01	-2.948e-07	8.140e+07	-2.400e+01	-7.613e-09	3.153e+09	2.190e+01	-4.338e-07
234.690	21.000	21.000	11.500	21.000	-2.400e+01	-2.756e-07	8.708e+07	-2.400e+01	-7.631e-09	3.145e+09	2.190e+01	-4.341e-07
235.430	21.000	21.000	11.600	21.000	-2.400e+01	-2.577e-07	9.312e+07	-2.400e+01	-7.683e-09	3.124e+09	2.190e+01	-4.345e-07
236.170	21.000	21.000	11.700	21.000	-2.400e+01	-2.405e-07	9.981e+07	-2.400e+01	-7.636e-09	3.143e+09	2.190e+01	-4.349e-07
236.910	21.000	21.000	11.800	21.000	-2.400e+01	-2.240e-07	1.071e+08	-2.400e+01	-7.665e-09	3.131e+09	2.190e+01	-4.352e-07
237.670	21.000	21.000	11.900	21.000	-2.400e+01	-2.083e-07	1.152e+08	-2.400e+01	-7.638e-09	3.142e+09	2.190e+01	-4.355e-07
238.401	21.000	21.000	12.000	21.000	-2.400e+01	-1.938e-07	1.238e+08	-2.400e+01	-7.677e-09	3.126e+09	2.190e+01	-4.358e-07
239.140	21.000	21.000	12.100	21.000	-2.400e+01	-1.799e-07	1.334e+08	-2.400e+01	-7.683e-09	3.124e+09	2.190e+01	-4.360e-07
239.871	21.000	21.000	12.200	21.000	-2.400e+01	-1.667e-07	1.440e+08	-2.400e+01	-7.724e-09	3.107e+09	2.190e+01	-4.363e-07
240.660	21.000	21.000	12.300	21.000	-2.400e+01	-1.538e-07	1.560e+08	-2.400e+01	-7.716e-09	3.110e+09	2.190e+01	-4.366e-07
241.401	21.000	21.000	12.400	21.000	-2.400e+01	-1.421e-07	1.689e+08	-2.400e+01	-7.724e-09	3.107e+09	2.190e+01	-4.367e-07
242.130	21.000	21.000	12.500	21.000	-2.400e+01	-1.309e-07	1.834e+08	-2.400e+01	-7.683e-09	3.124e+09	2.190e+01	-4.368e-07
242.870	21.000	21.000	12.600	21.000	-2.400e+01	-1.205e-07	1.992e+08	-2.400e+01	-7.746e-09	3.098e+09	2.190e+01	-4.370e-07
243.630	21.000	21.000	12.700	21.000	-2.400e+01	-1.108e-07	2.166e+08	-2.400e+01	-7.764e-09	3.091e+09	2.190e+01	-4.371e-07
244.344	21.000	21.000	12.800	21.000	-2.400e+01	-1.021e-07	2.351e+08	-2.400e+01	-7.769e-09	3.089e+09	2.190e+01	-4.372e-07
245.081	21.000	21.000	12.900	21.000	-2.400e+01	-9.334e-08	2.571e+08	-2.400e+01	-7.779e-09	3.085e+09	2.190e+01	-4.373e-07
245.820	21.000	21.000	13.000	21.000	-2.400e+01	-8.522e-08	2.816e+08	-2.400e+01	-7.831e-09	3.065e+09	2.190e+01	-4.374e-07
246.551	21.000	21.000	13.100	21.000	-2.400e+01	-7.761e-08	3.092e+08	-2.400e+01	-7.848e-09	3.058e+09	2.190e+01	-4.375e-07
247.290	21.000	21.000	13.200	21.000	-2.400e+01	-7.080e-08	3.390e+08	-2.400e+01	-7.853e-09	3.056e+09	2.190e+01	-4.376e-07
248.343	21.000	21.000	13.300	21.000	-2.400e+01	-6.411e-08	3.743e+08	-2.400e+01	-7.837e-09	3.062e+09	2.190e+01	-4.378e-07
249.231	21.000	21.000	13.400	21.000	-2.400e+01	-5.830e-08	4.117e+08	-2.400e+01	-7.876e-09	3.047e+09	2.190e+01	-4.378e-07
249.971	21.000	21.000	13.500	21.000	-2.400e+01	-5.274e-08	4.550e+08	-2.400e+01	-7.857e-09	3.054e+09	2.190e+01	-4.378e-07
250.712	21.000	21.000	13.600	21.000	-2.400e+01	-4.771e-08	5.030e+08	-2.400e+01	-7.871e-09	3.049e+09	2.190e+01	-4.378e-07
251.451	21.000	21.000	13.700	21.000	-2.400e+01	-4.286e-08	5.600e+08	-2.400e+01	-7.896e-09	3.040e+09	2.190e+01	-4.379e-07
252.171	21.000	21.000	13.800	21.000	-2.400e+01	-3.797e-08	6.321e+08	-2.400e+01	-7.888e-09	3.043e+09	2.190e+01	-4.379e-07
252.910	21.000	21.000	13.900	21.000	-2.400e+01	-3.409e-08	7.041e+08	-2.400e+01	-7.935e-09	3.025e+09	2.190e+01	-4.379e-07
253.670	21.000	21.000	14.000	21.000	-2.400e+01	-3.032e-08	7.915e+08	-2.400e+01	-7.978e-09	3.008e+09	2.190e+01	-4.380e-07
254.400	21.000	21.000	14.100	21.000	-2.400e+01	-2.709e-08	8.858e+08	-2.400e+01	-7.963e-09	3.014e+09	2.190e+01	-4.380e-07
255.131	21.000	21.000	14.200	21.000	-2.400e+01	-2.393e-08	1.003e+09	-2.400e+01	-7.977e-09	3.009e+09	2.190e+01	-4.381e-07
255.871	21.000	21.000	14.300	21.000	-2.400e+01	-2.115e-08	1.135e+09	-2.400e+01	-7.999e-09	3.001e+09	2.190e+01	-4.381e-07
256.630	21.000	21.000	14.400	21.000	-2.400e+01	-1.844e-08	1.301e+09	-2.400e+01	-8.037e-09	2.986e+09	2.190e+01	-4.381e-07
257.371	21.000	21.000	14.500	21.000	-2.400e+01	-1.618e-08	1.483e+09	-2.400e+01	-8.035e-09	2.987e+09	2.190e+01	-4.381e-07
258.114	21.000	21.000	14.600	21.000	-2.400e+01	-1.401e-08	1.713e+09	-2.400e+01	-8.062e-09	2.977e+09	2.190e+01	-4.381e-07
258.825	21.000	21.000	14.700	21.000	-2.400e+01	-1.179e-08	2.036e+09	-2.400e+01	-8.066e-09	2.975e+09	2.190e+01	-4.381e-07
259.572	21.000	21.000	14.800	21.000	-2.400e+01	-1.027e-08	2.338e+09	-2.400e+01	-8.087e-09	2.968e+09	2.190e+01	-4.381e-07
260.311	21.000	21.000	14.900	21.000	-2.400e+01	-8.809e-09	2.725e+09	-2.400e+01	-8.071e-09	2.974e+09	2.190e+01	-4.381e-07
261.022	21.000	21.000	15.000	21.000	-2.400e+01	-7.737e-09	3.102e+09	-2.400e+01	-8.095e-09	2.965e+09	2.190e+01	-4.381e-07
261.762	21.000	21.000	15.100	21.000	-2.400e+01	-6.650e-09	3.609e+09	-2.400e+01	-8.129e-09	2.952e+09	2.190e+01	-4.381e-07
262.501	21.000	21.000	15.200	21.000	-2.400e+01	-5.785e-09	4.149e+09	-2.400e+01	-8.116e-09	2.957e+09	2.190e+01	-4.381e-07
263.240	21.000	21.000	15.300	21.000	-2.400e+01	-4.970e-09	4.829e+09	-2.400e+01	-8.128e-09	2.953e+09	2.190e+01	-4.381e-07
263.981	21.000	21.000	15.400	21.000	-2.400e+01	-4.294e-09	5.589e+09	-2.400e+01	-8.114e-09	2.958e+09	2.190e+01	-4.381e-07
264.723	21.000	21.000	15.500	21.000	-2.400e+01	-3.780e-09	6.350e+09	-2.400e+01	-8.172e-09	2.937e+09	2.190e+01	-4.381e-07
265.461	21.000	21.000	15.600	21.000	-2.400e+01	-3.389e-09	7.083e+09	-2.400e+01	-8.150e-09	2.945e+09	2.190e+01	-4.381e-07
266.201	21.000	21.000	15.700	21.000	-2.400e+01	-3.038e-09	7.899e+09	-2.400e+01	-8.143e-09	2.947e+09	2.190e+01	-4.380e-07
266.941	21.000	21.000	15.800	21.000	-2.400e+01	-2.765e-09	8.681e+09	-2.400e+01	-8.169e-09	2.938e+09	2.190e+01	-4.380e-07
267.701	21.000	21.000	15.900	21.000	-2.400e+01	-2.518e-09	9.533e+09	-2.400e+01	-8.194e-09	2.929e+09	2.190e+01	-4.380e-07
268.424	21.000	21.000	16.000	21.000	-2.400e+01	-2.343e-09	1.024e+10	-2.400e+01	-8.192e-09	2.930e+09	2.190e+01	-4.380e-07
269.161	21.000	21.000	16.100	21.000	-2.400e+01	-2.204e-09	1.089e+10	-2.400e+01	-8.178e-09	2.935e+09	2.190e+01	-4.380e-07
269.902	21.000	21.000	16.200	21.000	-2.400e+01	-2.073e-09	1.158e+10	-2.400e+01	-8.193e-09	2.929e+09	2.190e+01	-4.380e-07
270.641	21.000	21.000	16.300	21.000	-2.400e+01	-1.924e-09	1.247e+10	-2.400e+01	-8.192e-09	2.930e+09	2.190e+01	-4.380e-07
271.368	21.000	21.000	16.400	21.000	-2.400e+01	-1.923e-09	1.248e+10	-2.400e+01	-8.176e-09	2.936e+09	2.190e+01	-4.380e-07
272.101	21.000	21.000	16.500	21.000	-2.400e+01	-1.855e-09	1.294e+10	-2.400e+01	-8.203e-09	2.926e+09	2.190e+01	-4.380e-07
272.841	21.000	21.000	16.600	21.000	-2.400e+01	-1.745e-09	1.375e+10	-2.400e+01	-8.188e-09	2.931e+09	2.190e+01	-4.380e-07
273.589	21.000	21.000	16.700	21.000	-2.400e+01	-1.766e-09	1.359e+10	-2.400e+01	-8.203e-09	2.926e+09	2.190e+01	-4.379e-07
274.321	21.000	21.000	16.800	21.000	-2.400e+01	-1.663e-09	1.443e+10	-2.400e+01	-8.210e-09	2.923e+09	2.190e+01	-4.379e-07
275.062	21.000	21.000	16.900	21.000	-2.400e+01	-1.649e-09	1.455e+10	-2.400e+01	-8.206e-09	2.925e+09	2.190e+01	-4.379e-07
275.791	21.000	21.000	17.000	21.000	-2.400e+01	-1.611e-09	1.490e+10	-2.400e+01	-8.196e-09	2.928e+09	2.190e+01	-4.379e-07
276.532	21.000	21.000	17.100	21.000	-2.400e+01	-1.640e-09	1.463e+10	-2.400e+01	-8.230e-09	2.916e+09	2.190e+01	-4.379e-07
277.271	21.000	21.000	17.200	21.000	-2.400e+01	-1.600e-09	1.500e+10	-2.400e+01	-8.194e-09	2.929e+09	2.190e+01	-4.379e-07
278.094	21.000	21.000	17.300	21.000	-2.400e+01	-1.591e-09	1.509e+10	-2.400e+01	-8.255e-09	2.907e+09	2.190e+01	-4.379e-07
278.824	21.000	21.000	17.400	21.000	-2.400e+01	-1.595e-09	1.504e+10	-2.400e+01	-8.211e-09	2.923e+09	2.190e+01	-4.379e-07
279.573	21.000	21.000	17.500	21.000	-2.400e+01	-1.540e-09	1.558e+10	-2.400e+01	-8.170e-09	2.937e+09	2.190e+01	-4.379e-07
280.312	21.000	21.000	17.600	21.000	-2.400e+01	-1.502e-09	1.598e+10	-2.400e+01	-8.213e-09	2.922e+09	2.190e+01	-4.379e-07
281.044	21.000	21.000	17.700	21.000	-2.400e+01	-1.526e-09	1.573e+10	-2.400e+01	-8.210e-09	2.923e+09	2.190e+01	-4.379e-07
281.782	21.000	21.000	17.800	21.000	-2.400e+01	-1.504e-09	1.595e+10	-2.400e+01	-8.228e-09	2.917e+09	2.190e+01	-4.378e-07
282.511	21.000	21.000	17.900	21.000	-2.400e+01	-1.486e-09	1.616e+10	-2.400e+01	-8.230e-09	2.916e+09	2.190e+01	-4.378e-07
283.251	21.000	21.000	18.000	21.000	-2.400e+01	-1.504e-09	1.596e+10	-2.400e+01	-8.204e-09	2.925e+09	2.190e+01	-4.378e-07
283.974	21.000	21.000	18.100	21.000	-2.400e+01	-1.572e-09	1.527e+10	-2.400e+01	-8.207e-09	2.924e+09	2.190e+01	-4.378e-07
284.774	21.000	21.000	18.200	21.000	-2.400e+01	-1.481e-09	1.621e+10	-2.400e+01	-8.190e-09	2.930e+09	2.190e+01	-4.378e-07
285.505	21.000	21.000	18.300	21.000	-2.400e+01	-1.499e-09	1.601e+10	-2.400e+01	-8.194e-09	2.929e+09	2.190e+01	-4.378e-07
286.235	21.000	21.000	18.400	21.000	-2.400e+01	-1.498e-09	1.602e+10	-2.400e+01	-8.203e-09	2.926e+09	2.190e+01	-4.378e-07
286.965	21.000	21.000	18.500	21.000	-2.400e+01	-1.465e-09	1.639e+10	-2.400e+01	-8.202e-09	2.926e+09	2.190e+01	-4.378e-07
287.702	21.000	21.000	18.600	21.000	-2.400e+01	-1.507e-09	1.593e+10	-2.400e+01	-8.259e-09	2.906e+09	2.190e+01	-4.378e-07
288.442	21.000	21.000	18.700	21.000	-2.400e+01	-1.497e-09	1.604e+10	-2.400e+01	-8.232e-09	2.915e+09	2.190e+01	-4.378e-07
289.182	21.000	21.000	18.800	21.000	-2.400e+01	-1.459e-09	1.645e+10	-2.400e+01	-8.216e-09	2.921e+09	2.190e+01	-4.378e-07
289.911	21.000	21.000	18.900	21.000	-2.400e+01	-1.492e-09	1.608e+10	-2.400e+01	-8.206e-09	2.925e+09	2.190e+01	-4.378e-07
290.672	21.000	21.000	19.000	21.000	-2.400e+01	-1.442e-09	1.665e+10	-2.400e+01	-8.223e-09	2.919e+09	2.190e+01	-4.378e-07
291.411	21.000	21.000	19.100	21.000	-2.400e+01	-1.474e-09	1.628e+10	-2.400e+01	-8.217e-09	2.921e+09	2.190e+01	-4.378e-07
292.142	21.000	21.000	19.200	21.000	-2.400e+01	-1.435e-09	1.673e+10	-2.400e+01	-8.197e-09	2.928e+09	2.190e+01	-4.378e-07
292.881	21.000	21.000	19.300	21.000	-2.400e+01	-1.486e-09	1.615e+10	-2.400e+01	-8.206e-09	2.925e+09	2.190e+01	-4.378e-07
293.625	21.000	21.000	19.400	21.000	-2.400e+01	-1.473e-09	1.630e+10	-2.400e+01	-8.200e-09	2.927e+09	2.190e+01	-4.377e-07
294.465	21.000	21.000	19.500	21.000	-2.400e+01	-1.459e-09	1.645e+10	-2.400e+01	-8.220e-09	2.920e+09	2.190e+01	-4.377e-07
295.309	21.000	21.000	19.600	21.000	-2.400e+01	-1.454e-09	1.650e+10	-2.400e+01	-8.205e-09	2.925e+09	2.190e+01	-4.377e-07
296.042	21.000	21.000	19.700	21.000	-2.400e+01	-1.408e-09	1.704e+10	-2.400e+01	-8.212e-09	2.923e+09	2.190e+01	-4.377e-07
296.782	21.000	21.000	19.800	21.000	-2.400e+01	-1.419e-09	1.692e+10	-2.400e+01	-8.254e-09	2.908e+09	2.190e+01	-4.377e-07
297.522	21.000	21.000	19.900	21.000	-2.400e+01	-1.470e-09	1.632e+10	-2.400e+01	-8.204e-09	2.925e+09	2.190e+01	-4.377e-07
298.245	21.000	21.000	20.000	21.000	-2.400e+01	-1.429e-09	1.679e+10	-2.400e+01	-8.206e-09	2.925e+09	2.190e+01	-4.377e-07
