time, s	APT pos, mm	APL pos, mm	APR pos, mm	APB pos, mm	TH1992B_1.VOLT1	TH1992B_1.CURR1	TH1992B_1.RES1	TH1992B_1.VOLT2	TH1992B_1.CURR2	TH1992B_1.RES2	TH2690A_1.VOLT	TH2690A_1.CURR
7.240	21.000	21.000	21.000	15.000	-2.400e+01	-6.603e-09	3.635e+09	-2.400e+01	-4.702e-07	5.104e+07	2.190e+01	-4.342e-07
8.079	21.000	21.000	21.000	14.900	-2.400e+01	-6.904e-09	3.476e+09	-2.400e+01	-4.783e-07	5.018e+07	2.190e+01	-4.342e-07
8.790	21.000	21.000	21.000	14.800	-2.400e+01	-7.213e-09	3.327e+09	-2.400e+01	-4.866e-07	4.933e+07	2.190e+01	-4.343e-07
9.500	21.000	21.000	21.000	14.700	-2.400e+01	-7.557e-09	3.176e+09	-2.400e+01	-4.949e-07	4.849e+07	2.190e+01	-4.342e-07
10.221	21.000	21.000	21.000	14.600	-2.400e+01	-7.929e-09	3.027e+09	-2.400e+01	-5.030e-07	4.771e+07	2.190e+01	-4.341e-07
10.930	21.000	21.000	21.000	14.500	-2.400e+01	-8.309e-09	2.888e+09	-2.400e+01	-5.112e-07	4.695e+07	2.190e+01	-4.340e-07
11.650	21.000	21.000	21.000	14.400	-2.400e+01	-8.622e-09	2.784e+09	-2.400e+01	-5.191e-07	4.623e+07	2.190e+01	-4.340e-07
12.352	21.000	21.000	21.000	14.300	-2.400e+01	-9.009e-09	2.664e+09	-2.400e+01	-5.273e-07	4.552e+07	2.190e+01	-4.339e-07
13.080	21.000	21.000	21.000	14.200	-2.400e+01	-9.407e-09	2.551e+09	-2.400e+01	-5.359e-07	4.479e+07	2.190e+01	-4.338e-07
13.781	21.000	21.000	21.000	14.100	-2.400e+01	-9.794e-09	2.451e+09	-2.400e+01	-5.436e-07	4.415e+07	2.190e+01	-4.337e-07
14.500	21.000	21.000	21.000	14.000	-2.400e+01	-1.021e-08	2.351e+09	-2.400e+01	-5.519e-07	4.348e+07	2.190e+01	-4.336e-07
15.238	21.000	21.000	21.000	13.900	-2.400e+01	-1.063e-08	2.259e+09	-2.400e+01	-5.597e-07	4.288e+07	2.190e+01	-4.335e-07
15.970	21.000	21.000	21.000	13.800	-2.400e+01	-1.108e-08	2.166e+09	-2.400e+01	-5.681e-07	4.224e+07	2.190e+01	-4.333e-07
16.700	21.000	21.000	21.000	13.700	-2.400e+01	-1.156e-08	2.076e+09	-2.400e+01	-5.766e-07	4.162e+07	2.190e+01	-4.332e-07
17.440	21.000	21.000	21.000	13.600	-2.400e+01	-1.204e-08	1.993e+09	-2.400e+01	-5.849e-07	4.103e+07	2.190e+01	-4.331e-07
18.170	21.000	21.000	21.000	13.500	-2.400e+01	-1.255e-08	1.912e+09	-2.400e+01	-5.928e-07	4.049e+07	2.190e+01	-4.330e-07
18.910	21.000	21.000	21.000	13.400	-2.400e+01	-1.308e-08	1.835e+09	-2.400e+01	-6.010e-07	3.993e+07	2.190e+01	-4.329e-07
19.693	21.000	21.000	21.000	13.300	-2.400e+01	-1.368e-08	1.755e+09	-2.400e+01	-6.101e-07	3.933e+07	2.190e+01	-4.328e-07
20.430	21.000	21.000	21.000	13.200	-2.400e+01	-1.428e-08	1.681e+09	-2.400e+01	-6.187e-07	3.879e+07	2.190e+01	-4.327e-07
21.170	21.000	21.000	21.000	13.100	-2.400e+01	-1.496e-08	1.604e+09	-2.400e+01	-6.275e-07	3.824e+07	2.190e+01	-4.326e-07
21.920	21.000	21.000	21.000	13.000	-2.400e+01	-1.551e-08	1.547e+09	-2.400e+01	-6.361e-07	3.773e+07	2.190e+01	-4.324e-07
22.660	21.000	21.000	21.000	12.900	-2.400e+01	-1.619e-08	1.482e+09	-2.400e+01	-6.455e-07	3.718e+07	2.190e+01	-4.323e-07
23.402	21.000	21.000	21.000	12.800	-2.400e+01	-1.682e-08	1.427e+09	-2.400e+01	-6.543e-07	3.668e+07	2.190e+01	-4.322e-07
24.140	21.000	21.000	21.000	12.700	-2.400e+01	-1.758e-08	1.365e+09	-2.400e+01	-6.633e-07	3.618e+07	2.190e+01	-4.320e-07
24.881	21.000	21.000	21.000	12.600	-2.400e+01	-1.826e-08	1.315e+09	-2.400e+01	-6.727e-07	3.568e+07	2.190e+01	-4.319e-07
25.624	21.000	21.000	21.000	12.500	-2.400e+01	-1.891e-08	1.269e+09	-2.400e+01	-6.820e-07	3.519e+07	2.190e+01	-4.318e-07
26.376	21.000	21.000	21.000	12.400	-2.400e+01	-1.970e-08	1.218e+09	-2.400e+01	-6.916e-07	3.470e+07	2.190e+01	-4.317e-07
27.130	21.000	21.000	21.000	12.300	-2.400e+01	-2.041e-08	1.176e+09	-2.400e+01	-7.013e-07	3.422e+07	2.190e+01	-4.316e-07
28.000	21.000	21.000	21.000	12.200	-2.400e+01	-2.118e-08	1.133e+09	-2.400e+01	-7.098e-07	3.381e+07	2.190e+01	-4.314e-07
28.721	21.000	21.000	21.000	12.100	-2.400e+01	-2.196e-08	1.093e+09	-2.400e+01	-7.195e-07	3.335e+07	2.190e+01	-4.313e-07
29.460	21.000	21.000	21.000	12.000	-2.400e+01	-2.284e-08	1.051e+09	-2.400e+01	-7.299e-07	3.288e+07	2.190e+01	-4.312e-07
30.181	21.000	21.000	21.000	11.900	-2.400e+01	-2.366e-08	1.014e+09	-2.400e+01	-7.394e-07	3.246e+07	2.190e+01	-4.311e-07
30.920	21.000	21.000	21.000	11.800	-2.400e+01	-2.458e-08	9.765e+08	-2.400e+01	-7.497e-07	3.201e+07	2.190e+01	-4.309e-07
31.660	21.000	21.000	21.000	11.700	-2.400e+01	-2.541e-08	9.445e+08	-2.400e+01	-7.596e-07	3.160e+07	2.190e+01	-4.308e-07
32.401	21.000	21.000	21.000	11.600	-2.400e+01	-2.641e-08	9.087e+08	-2.400e+01	-7.697e-07	3.118e+07	2.190e+01	-4.306e-07
33.140	21.000	21.000	21.000	11.500	-2.400e+01	-2.735e-08	8.776e+08	-2.400e+01	-7.796e-07	3.079e+07	2.190e+01	-4.305e-07
34.130	21.000	21.000	21.000	11.400	-2.400e+01	-2.823e-08	8.500e+08	-2.400e+01	-7.895e-07	3.040e+07	2.190e+01	-4.303e-07
34.871	21.000	21.000	21.000	11.300	-2.400e+01	-2.926e-08	8.203e+08	-2.400e+01	-7.999e-07	3.000e+07	2.190e+01	-4.302e-07
35.611	21.000	21.000	21.000	11.200	-2.400e+01	-3.033e-08	7.913e+08	-2.400e+01	-8.110e-07	2.959e+07	2.190e+01	-4.300e-07
36.352	21.000	21.000	21.000	11.100	-2.400e+01	-3.133e-08	7.659e+08	-2.400e+01	-8.210e-07	2.923e+07	2.190e+01	-4.299e-07
37.091	21.000	21.000	21.000	11.000	-2.400e+01	-3.241e-08	7.405e+08	-2.400e+01	-8.316e-07	2.886e+07	2.190e+01	-4.298e-07
37.830	21.000	21.000	21.000	10.900	-2.400e+01	-3.354e-08	7.155e+08	-2.400e+01	-8.434e-07	2.846e+07	2.190e+01	-4.297e-07
38.571	21.000	21.000	21.000	10.800	-2.400e+01	-3.453e-08	6.950e+08	-2.400e+01	-8.532e-07	2.813e+07	2.190e+01	-4.295e-07
39.330	21.000	21.000	21.000	10.700	-2.400e+01	-3.577e-08	6.710e+08	-2.400e+01	-8.650e-07	2.775e+07	2.190e+01	-4.293e-07
40.070	21.000	21.000	21.000	10.600	-2.400e+01	-3.686e-08	6.511e+08	-2.400e+01	-8.754e-07	2.742e+07	2.190e+01	-4.291e-07
40.811	21.000	21.000	21.000	10.500	-2.400e+01	-3.806e-08	6.305e+08	-2.400e+01	-8.867e-07	2.707e+07	2.190e+01	-4.290e-07
41.550	21.000	21.000	21.000	10.400	-2.400e+01	-3.932e-08	6.104e+08	-2.400e+01	-8.986e-07	2.671e+07	2.190e+01	-4.288e-07
42.352	21.000	21.000	21.000	10.300	-2.400e+01	-4.046e-08	5.931e+08	-2.400e+01	-9.096e-07	2.639e+07	2.190e+01	-4.287e-07
43.090	21.000	21.000	21.000	10.200	-2.400e+01	-4.170e-08	5.756e+08	-2.400e+01	-9.211e-07	2.606e+07	2.190e+01	-4.285e-07
43.821	21.000	21.000	21.000	10.100	-2.400e+01	-4.297e-08	5.585e+08	-2.400e+01	-9.326e-07	2.573e+07	2.190e+01	-4.284e-07
44.560	21.000	21.000	21.000	10.000	-2.400e+01	-4.428e-08	5.420e+08	-2.400e+01	-9.453e-07	2.539e+07	2.190e+01	-4.282e-07
45.320	21.000	21.000	21.000	9.900	-2.400e+01	-4.561e-08	5.262e+08	-2.400e+01	-9.572e-07	2.507e+07	2.190e+01	-4.281e-07
46.061	21.000	21.000	21.000	9.800	-2.400e+01	-4.689e-08	5.118e+08	-2.400e+01	-9.695e-07	2.476e+07	2.190e+01	-4.279e-07
46.801	21.000	21.000	21.000	9.700	-2.400e+01	-4.824e-08	4.975e+08	-2.400e+01	-9.819e-07	2.444e+07	2.190e+01	-4.277e-07
47.541	21.000	21.000	21.000	9.600	-2.400e+01	-4.967e-08	4.832e+08	-2.400e+01	-9.942e-07	2.414e+07	2.190e+01	-4.276e-07
48.301	21.000	21.000	21.000	9.500	-2.400e+01	-5.106e-08	4.701e+08	-2.400e+01	-1.007e-06	2.383e+07	2.190e+01	-4.274e-07
49.280	21.000	21.000	21.000	9.400	-2.400e+01	-5.248e-08	4.573e+08	-2.400e+01	-1.019e-06	2.354e+07	2.190e+01	-4.272e-07
50.073	21.000	21.000	21.000	9.300	-2.400e+01	-5.389e-08	4.453e+08	-2.400e+01	-1.032e-06	2.325e+07	2.190e+01	-4.270e-07
50.811	21.000	21.000	21.000	9.200	-2.400e+01	-5.543e-08	4.330e+08	-2.400e+01	-1.046e-06	2.295e+07	2.190e+01	-4.269e-07
51.550	21.000	21.000	21.000	9.100	-2.400e+01	-5.693e-08	4.216e+08	-2.400e+01	-1.059e-06	2.267e+07	2.190e+01	-4.267e-07
52.312	21.000	21.000	21.000	9.000	-2.400e+01	-5.850e-08	4.103e+08	-2.400e+01	-1.073e-06	2.238e+07	2.190e+01	-4.265e-07
53.051	21.000	21.000	21.000	8.900	-2.400e+01	-6.008e-08	3.995e+08	-2.400e+01	-1.086e-06	2.210e+07	2.190e+01	-4.263e-07
53.791	21.000	21.000	21.000	8.800	-2.400e+01	-6.161e-08	3.896e+08	-2.400e+01	-1.100e-06	2.182e+07	2.190e+01	-4.262e-07
54.531	21.000	21.000	21.000	8.700	-2.400e+01	-6.336e-08	3.788e+08	-2.400e+01	-1.115e-06	2.153e+07	2.190e+01	-4.260e-07
55.290	21.000	21.000	21.000	8.600	-2.400e+01	-6.485e-08	3.701e+08	-2.400e+01	-1.129e-06	2.126e+07	2.190e+01	-4.258e-07
56.031	21.000	21.000	21.000	8.500	-2.400e+01	-6.654e-08	3.607e+08	-2.400e+01	-1.143e-06	2.099e+07	2.190e+01	-4.255e-07
56.770	21.000	21.000	21.000	8.400	-2.400e+01	-6.827e-08	3.515e+08	-2.400e+01	-1.159e-06	2.072e+07	2.190e+01	-4.253e-07
57.491	21.000	21.000	21.000	8.300	-2.400e+01	-7.007e-08	3.425e+08	-2.400e+01	-1.174e-06	2.045e+07	2.190e+01	-4.252e-07
58.239	21.000	21.000	21.000	8.200	-2.400e+01	-7.168e-08	3.348e+08	-2.400e+01	-1.188e-06	2.020e+07	2.190e+01	-4.250e-07
58.951	21.000	21.000	21.000	8.100	-2.400e+01	-7.354e-08	3.264e+08	-2.400e+01	-1.204e-06	1.993e+07	2.190e+01	-4.248e-07
59.691	21.000	21.000	21.000	8.000	-2.400e+01	-7.530e-08	3.187e+08	-2.400e+01	-1.219e-06	1.968e+07	2.190e+01	-4.245e-07
60.432	21.000	21.000	21.000	7.900	-2.400e+01	-7.714e-08	3.111e+08	-2.400e+01	-1.236e-06	1.942e+07	2.190e+01	-4.243e-07
61.171	21.000	21.000	21.000	7.800	-2.400e+01	-7.908e-08	3.035e+08	-2.400e+01	-1.254e-06	1.914e+07	2.190e+01	-4.241e-07
61.912	21.000	21.000	21.000	7.700	-2.400e+01	-8.103e-08	2.962e+08	-2.400e+01	-1.271e-06	1.888e+07	2.190e+01	-4.239e-07
62.651	21.000	21.000	21.000	7.600	-2.400e+01	-8.282e-08	2.898e+08	-2.400e+01	-1.287e-06	1.865e+07	2.190e+01	-4.237e-07
63.592	21.000	21.000	21.000	7.500	-2.400e+01	-8.490e-08	2.827e+08	-2.400e+01	-1.305e-06	1.839e+07	2.190e+01	-4.234e-07
64.851	21.000	21.000	21.000	7.400	-2.400e+01	-8.685e-08	2.764e+08	-2.400e+01	-1.322e-06	1.816e+07	2.190e+01	-4.230e-07
65.952	21.000	21.000	21.000	7.300	-2.400e+01	-8.885e-08	2.701e+08	-2.400e+01	-1.338e-06	1.793e+07	2.190e+01	-4.228e-07
66.692	21.000	21.000	21.000	7.200	-2.400e+01	-9.069e-08	2.646e+08	-2.400e+01	-1.355e-06	1.772e+07	2.190e+01	-4.226e-07
67.422	21.000	21.000	21.000	7.100	-2.400e+01	-9.292e-08	2.583e+08	-2.400e+01	-1.375e-06	1.746e+07	2.190e+01	-4.223e-07
68.161	21.000	21.000	21.000	7.000	-2.400e+01	-9.507e-08	2.524e+08	-2.400e+01	-1.395e-06	1.721e+07	2.190e+01	-4.221e-07
68.902	21.000	21.000	21.000	6.900	-2.400e+01	-9.725e-08	2.468e+08	-2.400e+01	-1.415e-06	1.696e+07	2.190e+01	-4.218e-07
69.641	21.000	21.000	21.000	6.800	-2.400e+01	-9.942e-08	2.414e+08	-2.400e+01	-1.435e-06	1.672e+07	2.190e+01	-4.215e-07
70.383	21.000	21.000	21.000	6.700	-2.400e+01	-1.016e-07	2.362e+08	-2.400e+01	-1.456e-06	1.649e+07	2.190e+01	-4.212e-07
71.121	21.000	21.000	21.000	6.600	-2.400e+01	-1.038e-07	2.312e+08	-2.400e+01	-1.477e-06	1.625e+07	2.190e+01	-4.209e-07
71.862	21.000	21.000	21.000	6.500	-2.400e+01	-1.062e-07	2.260e+08	-2.400e+01	-1.499e-06	1.601e+07	2.190e+01	-4.206e-07
72.582	21.000	21.000	21.000	6.400	-2.400e+01	-1.085e-07	2.212e+08	-2.400e+01	-1.522e-06	1.577e+07	2.190e+01	-4.202e-07
73.341	21.000	21.000	21.000	6.300	-2.400e+01	-1.108e-07	2.167e+08	-2.400e+01	-1.543e-06	1.555e+07	2.190e+01	-4.198e-07
74.082	21.000	21.000	21.000	6.200	-2.400e+01	-1.133e-07	2.117e+08	-2.400e+01	-1.568e-06	1.531e+07	2.190e+01	-4.195e-07
74.821	21.000	21.000	21.000	6.100	-2.400e+01	-1.157e-07	2.074e+08	-2.400e+01	-1.590e-06	1.509e+07	2.190e+01	-4.189e-07
75.562	21.000	21.000	21.000	6.000	-2.400e+01	-1.182e-07	2.030e+08	-2.400e+01	-1.615e-06	1.486e+07	2.190e+01	-4.176e-07
76.321	21.000	21.000	21.000	5.900	-2.400e+01	-1.205e-07	1.992e+08	-2.400e+01	-1.636e-06	1.467e+07	2.190e+01	-4.175e-07
77.052	21.000	21.000	21.000	5.800	-2.400e+01	-1.231e-07	1.949e+08	-2.400e+01	-1.663e-06	1.443e+07	2.190e+01	-4.173e-07
77.772	21.000	21.000	21.000	5.700	-2.400e+01	-1.256e-07	1.910e+08	-2.400e+01	-1.687e-06	1.422e+07	2.190e+01	-4.160e-07
78.571	21.000	21.000	21.000	5.600	-2.400e+01	-1.284e-07	1.869e+08	-2.400e+01	-1.714e-06	1.400e+07	2.190e+01	-4.158e-07
79.322	21.000	21.000	21.000	5.500	-2.400e+01	-1.310e-07	1.832e+08	-2.400e+01	-1.739e-06	1.380e+07	2.190e+01	-4.155e-07
80.114	21.000	21.000	21.000	5.400	-2.400e+01	-1.337e-07	1.796e+08	-2.400e+01	-1.766e-06	1.359e+07	2.190e+01	-4.140e-07
80.852	21.000	21.000	21.000	5.300	-2.400e+01	-1.362e-07	1.762e+08	-2.400e+01	-1.792e-06	1.339e+07	2.190e+01	-4.138e-07
81.591	21.000	21.000	21.000	5.200	-2.400e+01	-1.391e-07	1.725e+08	-2.400e+01	-1.821e-06	1.318e+07	2.190e+01	-4.123e-07
82.351	21.000	21.000	21.000	5.100	-2.400e+01	-1.418e-07	1.692e+08	-2.400e+01	-1.847e-06	1.299e+07	2.190e+01	-4.120e-07
83.081	21.000	21.000	21.000	5.000	-2.400e+01	-1.446e-07	1.659e+08	-2.400e+01	-1.875e-06	1.280e+07	2.190e+01	-4.106e-07
83.822	21.000	21.000	21.000	4.900	-2.400e+01	-1.474e-07	1.628e+08	-2.400e+01	-1.902e-06	1.262e+07	2.190e+01	-4.102e-07
84.562	21.000	21.000	21.000	4.800	-2.400e+01	-1.504e-07	1.596e+08	-2.400e+01	-1.931e-06	1.243e+07	2.190e+01	-4.090e-07
85.321	21.000	21.000	21.000	4.700	-2.400e+01	-1.532e-07	1.566e+08	-2.400e+01	-1.960e-06	1.225e+07	2.190e+01	-4.072e-07
86.062	21.000	21.000	21.000	4.600	-2.400e+01	-1.561e-07	1.537e+08	-2.400e+01	-1.990e-06	1.206e+07	2.190e+01	-4.055e-07
86.801	21.000	21.000	21.000	4.500	-2.400e+01	-1.591e-07	1.509e+08	-2.400e+01	-2.018e-06	1.189e+07	2.190e+01	-4.041e-07
87.542	21.000	21.000	21.000	4.400	-2.400e+01	-1.620e-07	1.481e+08	-2.400e+01	-2.047e-06	1.172e+07	2.190e+01	-4.027e-07
88.281	21.000	21.000	21.000	4.300	-2.400e+01	-1.649e-07	1.455e+08	-2.400e+01	-2.076e-06	1.156e+07	2.190e+01	-4.012e-07
89.022	21.000	21.000	21.000	4.200	-2.400e+01	-1.678e-07	1.430e+08	-2.400e+01	-2.103e-06	1.141e+07	2.190e+01	-3.997e-07
89.762	21.000	21.000	21.000	4.100	-2.400e+01	-1.710e-07	1.404e+08	-2.400e+01	-2.134e-06	1.125e+07	2.190e+01	-3.981e-07
90.482	21.000	21.000	21.000	4.000	-2.400e+01	-1.743e-07	1.377e+08	-2.400e+01	-2.165e-06	1.109e+07	2.190e+01	-3.962e-07
91.233	21.000	21.000	21.000	3.900	-2.400e+01	-1.774e-07	1.353e+08	-2.400e+01	-2.195e-06	1.094e+07	2.190e+01	-3.942e-07
91.976	21.000	21.000	21.000	3.800	-2.400e+01	-1.802e-07	1.332e+08	-2.400e+01	-2.222e-06	1.080e+07	2.190e+01	-3.907e-07
92.696	21.000	21.000	21.000	3.700	-2.400e+01	-1.837e-07	1.307e+08	-2.400e+01	-2.255e-06	1.064e+07	2.190e+01	-3.885e-07
93.433	21.000	21.000	21.000	3.600	-2.400e+01	-1.868e-07	1.285e+08	-2.400e+01	-2.285e-06	1.050e+07	2.190e+01	-3.858e-07
94.172	21.000	21.000	21.000	3.500	-2.400e+01	-1.900e-07	1.263e+08	-2.400e+01	-2.315e-06	1.037e+07	2.190e+01	-3.831e-07
94.913	21.000	21.000	21.000	3.400	-2.400e+01	-1.935e-07	1.240e+08	-2.400e+01	-2.347e-06	1.023e+07	2.190e+01	-3.805e-07
95.652	21.000	21.000	21.000	3.300	-2.400e+01	-1.966e-07	1.221e+08	-2.400e+01	-2.374e-06	1.011e+07	2.190e+01	-3.777e-07
96.394	21.000	21.000	21.000	3.200	-2.400e+01	-1.997e-07	1.202e+08	-2.400e+01	-2.400e-06	9.999e+06	2.190e+01	-3.748e-07
97.132	21.000	21.000	21.000	3.100	-2.400e+01	-2.035e-07	1.180e+08	-2.400e+01	-2.433e-06	9.864e+06	2.190e+01	-3.717e-07
97.872	21.000	21.000	21.000	3.000	-2.400e+01	-2.068e-07	1.161e+08	-2.400e+01	-2.461e-06	9.754e+06	2.190e+01	-3.687e-07
98.612	21.000	21.000	21.000	2.900	-2.400e+01	-2.102e-07	1.142e+08	-2.400e+01	-2.489e-06	9.643e+06	2.190e+01	-3.654e-07
99.353	21.000	21.000	21.000	2.800	-2.400e+01	-2.134e-07	1.125e+08	-2.400e+01	-2.514e-06	9.548e+06	2.190e+01	-3.593e-07
100.492	21.000	21.000	21.000	2.700	-2.400e+01	-2.169e-07	1.106e+08	-2.400e+01	-2.540e-06	9.447e+06	2.190e+01	-3.553e-07
101.332	21.000	21.000	21.000	2.600	-2.400e+01	-2.202e-07	1.090e+08	-2.400e+01	-2.565e-06	9.355e+06	2.190e+01	-3.512e-07
102.424	21.000	21.000	21.000	2.500	-2.400e+01	-2.236e-07	1.073e+08	-2.400e+01	-2.589e-06	9.270e+06	2.190e+01	-3.465e-07
103.364	21.000	21.000	21.000	2.400	-2.400e+01	-2.272e-07	1.056e+08	-2.400e+01	-2.615e-06	9.177e+06	2.190e+01	-3.423e-07
104.102	21.000	21.000	21.000	2.300	-2.400e+01	-2.307e-07	1.040e+08	-2.400e+01	-2.640e-06	9.091e+06	2.190e+01	-3.405e-07
104.842	21.000	21.000	21.000	2.200	-2.400e+01	-2.342e-07	1.025e+08	-2.400e+01	-2.662e-06	9.016e+06	2.190e+01	-3.328e-07
105.587	21.000	21.000	21.000	2.100	-2.400e+01	-2.377e-07	1.010e+08	-2.400e+01	-2.683e-06	8.947e+06	2.190e+01	-3.279e-07
106.346	21.000	21.000	21.000	2.000	-2.400e+01	-2.417e-07	9.931e+07	-2.400e+01	-2.706e-06	8.870e+06	2.190e+01	-3.229e-07
107.082	21.000	21.000	21.000	1.900	-2.400e+01	-2.451e-07	9.790e+07	-2.400e+01	-2.724e-06	8.812e+06	2.190e+01	-3.180e-07
107.822	21.000	21.000	21.000	1.800	-2.400e+01	-2.487e-07	9.649e+07	-2.400e+01	-2.742e-06	8.753e+06	2.190e+01	-3.129e-07
108.562	21.000	21.000	21.000	1.700	-2.400e+01	-2.527e-07	9.499e+07	-2.400e+01	-2.762e-06	8.689e+06	2.190e+01	-3.080e-07
109.321	21.000	21.000	21.000	1.600	-2.400e+01	-2.560e-07	9.375e+07	-2.400e+01	-2.775e-06	8.648e+06	2.190e+01	-3.029e-07
110.135	21.000	21.000	21.000	1.500	-2.400e+01	-2.596e-07	9.243e+07	-2.400e+01	-2.790e-06	8.601e+06	2.190e+01	-2.945e-07
110.874	21.000	21.000	21.000	1.400	-2.400e+01	-2.633e-07	9.114e+07	-2.400e+01	-2.805e-06	8.557e+06	2.190e+01	-2.893e-07
111.612	21.000	21.000	21.000	1.300	-2.400e+01	-2.669e-07	8.993e+07	-2.400e+01	-2.817e-06	8.520e+06	2.190e+01	-2.837e-07
112.354	21.000	21.000	21.000	1.200	-2.400e+01	-2.708e-07	8.863e+07	-2.400e+01	-2.829e-06	8.484e+06	2.190e+01	-2.782e-07
113.092	21.000	21.000	21.000	1.100	-2.400e+01	-2.745e-07	8.744e+07	-2.400e+01	-2.841e-06	8.447e+06	2.190e+01	-2.725e-07
113.913	21.000	21.000	21.000	1.000	-2.400e+01	-2.783e-07	8.624e+07	-2.400e+01	-2.850e-06	8.422e+06	2.190e+01	-2.639e-07
114.742	21.000	21.000	21.000	0.900	-2.400e+01	-2.821e-07	8.508e+07	-2.400e+01	-2.858e-06	8.397e+06	2.190e+01	-2.579e-07
115.864	21.000	21.000	21.000	0.800	-2.400e+01	-2.864e-07	8.380e+07	-2.400e+01	-2.868e-06	8.369e+06	2.190e+01	-2.509e-07
116.602	21.000	21.000	21.000	0.700	-2.400e+01	-2.897e-07	8.284e+07	-2.400e+01	-2.870e-06	8.363e+06	2.190e+01	-2.456e-07
117.354	21.000	21.000	21.000	0.600	-2.400e+01	-2.933e-07	8.182e+07	-2.400e+01	-2.872e-06	8.358e+06	2.190e+01	-2.396e-07
118.092	21.000	21.000	21.000	0.500	-2.400e+01	-2.974e-07	8.069e+07	-2.400e+01	-2.873e-06	8.353e+06	2.190e+01	-2.339e-07
118.833	21.000	21.000	21.000	0.400	-2.400e+01	-3.011e-07	7.972e+07	-2.400e+01	-2.872e-06	8.356e+06	2.190e+01	-2.279e-07
119.577	21.000	21.000	21.000	0.300	-2.400e+01	-3.047e-07	7.876e+07	-2.400e+01	-2.870e-06	8.361e+06	2.190e+01	-2.220e-07
120.317	21.000	21.000	21.000	0.200	-2.400e+01	-3.086e-07	7.776e+07	-2.400e+01	-2.867e-06	8.370e+06	2.190e+01	-2.163e-07
121.053	21.000	21.000	21.000	0.100	-2.400e+01	-3.127e-07	7.674e+07	-2.400e+01	-2.865e-06	8.377e+06	2.190e+01	-2.059e-07
121.792	21.000	21.000	21.000	0.000	-2.400e+01	-3.164e-07	7.586e+07	-2.400e+01	-2.861e-06	8.388e+06	2.190e+01	-1.996e-07
122.533	21.000	21.000	21.000	-0.100	-2.400e+01	-3.204e-07	7.491e+07	-2.400e+01	-2.854e-06	8.408e+06	2.190e+01	-1.935e-07
123.292	21.000	21.000	21.000	-0.200	-2.400e+01	-3.243e-07	7.400e+07	-2.400e+01	-2.846e-06	8.433e+06	2.190e+01	-1.930e-07
124.033	21.000	21.000	21.000	-0.300	-2.400e+01	-3.282e-07	7.313e+07	-2.400e+01	-2.837e-06	8.461e+06	2.190e+01	-1.820e-07
124.773	21.000	21.000	21.000	-0.400	-2.400e+01	-3.320e-07	7.229e+07	-2.400e+01	-2.825e-06	8.496e+06	2.190e+01	-1.767e-07
125.513	21.000	21.000	21.000	-0.500	-2.400e+01	-3.360e-07	7.143e+07	-2.400e+01	-2.812e-06	8.536e+06	2.190e+01	-1.708e-07
126.253	21.000	21.000	21.000	-0.600	-2.400e+01	-3.399e-07	7.060e+07	-2.400e+01	-2.798e-06	8.578e+06	2.190e+01	-1.656e-07
126.993	21.000	21.000	21.000	-0.700	-2.400e+01	-3.434e-07	6.989e+07	-2.400e+01	-2.785e-06	8.617e+06	2.190e+01	-1.602e-07
127.733	21.000	21.000	21.000	-0.800	-2.400e+01	-3.476e-07	6.904e+07	-2.400e+01	-2.770e-06	8.665e+06	2.190e+01	-1.507e-07
128.473	21.000	21.000	21.000	-0.900	-2.400e+01	-3.513e-07	6.832e+07	-2.400e+01	-2.754e-06	8.716e+06	2.190e+01	-1.453e-07
129.224	21.000	21.000	21.000	-1.000	-2.400e+01	-3.553e-07	6.755e+07	-2.400e+01	-2.734e-06	8.778e+06	2.190e+01	-1.401e-07
129.963	21.000	21.000	21.000	-1.100	-2.400e+01	-3.595e-07	6.676e+07	-2.400e+01	-2.716e-06	8.838e+06	2.190e+01	-1.350e-07
130.683	21.000	21.000	21.000	-1.200	-2.400e+01	-3.630e-07	6.611e+07	-2.400e+01	-2.695e-06	8.905e+06	2.190e+01	-1.302e-07
131.425	21.000	21.000	21.000	-1.300	-2.400e+01	-3.673e-07	6.534e+07	-2.400e+01	-2.672e-06	8.981e+06	2.190e+01	-1.250e-07
132.163	21.000	21.000	21.000	-1.400	-2.400e+01	-3.711e-07	6.467e+07	-2.400e+01	-2.651e-06	9.053e+06	2.190e+01	-1.206e-07
132.907	21.000	21.000	21.000	-1.500	-2.400e+01	-3.751e-07	6.399e+07	-2.400e+01	-2.628e-06	9.133e+06	2.190e+01	-1.163e-07
133.647	21.000	21.000	21.000	-1.600	-2.400e+01	-3.790e-07	6.332e+07	-2.400e+01	-2.600e-06	9.232e+06	2.190e+01	-1.123e-07
134.384	21.000	21.000	21.000	-1.700	-2.400e+01	-3.830e-07	6.266e+07	-2.400e+01	-2.571e-06	9.335e+06	2.190e+01	-1.080e-07
135.123	21.000	21.000	21.000	-1.800	-2.400e+01	-3.864e-07	6.211e+07	-2.400e+01	-2.546e-06	9.426e+06	2.190e+01	-1.012e-07
135.863	21.000	21.000	21.000	-1.900	-2.400e+01	-3.905e-07	6.147e+07	-2.400e+01	-2.518e-06	9.531e+06	2.190e+01	-9.726e-08
136.603	21.000	21.000	21.000	-2.000	-2.400e+01	-3.944e-07	6.085e+07	-2.400e+01	-2.487e-06	9.649e+06	2.190e+01	-9.355e-08
137.493	21.000	21.000	21.000	-2.100	-2.400e+01	-3.982e-07	6.027e+07	-2.400e+01	-2.458e-06	9.764e+06	2.190e+01	-8.954e-08
138.434	21.000	21.000	21.000	-2.200	-2.400e+01	-4.023e-07	5.966e+07	-2.400e+01	-2.425e-06	9.897e+06	2.190e+01	-8.616e-08
139.302	21.000	21.000	21.000	-2.300	-2.400e+01	-4.056e-07	5.916e+07	-2.400e+01	-2.396e-06	1.002e+07	2.190e+01	-8.278e-08
140.076	21.000	21.000	21.000	-2.400	-2.400e+01	-4.098e-07	5.856e+07	-2.400e+01	-2.365e-06	1.015e+07	2.190e+01	-8.082e-08
140.813	21.000	21.000	21.000	-2.500	-2.400e+01	-4.137e-07	5.802e+07	-2.400e+01	-2.332e-06	1.029e+07	2.190e+01	-7.821e-08
141.557	21.000	21.000	21.000	-2.600	-2.400e+01	-4.177e-07	5.746e+07	-2.400e+01	-2.301e-06	1.043e+07	2.190e+01	-7.351e-08
142.318	21.000	21.000	21.000	-2.700	-2.400e+01	-4.212e-07	5.698e+07	-2.400e+01	-2.271e-06	1.057e+07	2.190e+01	-7.090e-08
143.053	21.000	21.000	21.000	-2.800	-2.400e+01	-4.250e-07	5.647e+07	-2.400e+01	-2.239e-06	1.072e+07	2.190e+01	-6.848e-08
143.794	21.000	21.000	21.000	-2.900	-2.400e+01	-4.286e-07	5.599e+07	-2.400e+01	-2.207e-06	1.087e+07	2.190e+01	-6.626e-08
144.533	21.000	21.000	21.000	-3.000	-2.400e+01	-4.323e-07	5.551e+07	-2.400e+01	-2.175e-06	1.104e+07	2.190e+01	-6.421e-08
145.293	21.000	21.000	21.000	-3.100	-2.400e+01	-4.361e-07	5.503e+07	-2.400e+01	-2.143e-06	1.120e+07	2.190e+01	-6.225e-08
146.033	21.000	21.000	21.000	-3.200	-2.400e+01	-4.399e-07	5.456e+07	-2.400e+01	-2.111e-06	1.137e+07	2.190e+01	-6.052e-08
146.773	21.000	21.000	21.000	-3.300	-2.400e+01	-4.435e-07	5.411e+07	-2.400e+01	-2.082e-06	1.153e+07	2.190e+01	-5.884e-08
147.514	21.000	21.000	21.000	-3.400	-2.400e+01	-4.476e-07	5.363e+07	-2.400e+01	-2.049e-06	1.172e+07	2.190e+01	-5.601e-08
148.253	21.000	21.000	21.000	-3.500	-2.400e+01	-4.511e-07	5.320e+07	-2.400e+01	-2.016e-06	1.190e+07	2.190e+01	-5.447e-08
148.994	21.000	21.000	21.000	-3.600	-2.400e+01	-4.551e-07	5.274e+07	-2.400e+01	-1.982e-06	1.211e+07	2.190e+01	-5.304e-08
149.733	21.000	21.000	21.000	-3.700	-2.400e+01	-4.583e-07	5.236e+07	-2.400e+01	-1.954e-06	1.228e+07	2.190e+01	-5.170e-08
150.474	21.000	21.000	21.000	-3.800	-2.400e+01	-4.620e-07	5.195e+07	-2.400e+01	-1.921e-06	1.249e+07	2.190e+01	-5.053e-08
151.567	21.000	21.000	21.000	-3.900	-2.400e+01	-4.654e-07	5.157e+07	-2.400e+01	-1.892e-06	1.269e+07	2.190e+01	-4.906e-08
152.568	21.000	21.000	21.000	-4.000	-2.400e+01	-4.693e-07	5.114e+07	-2.400e+01	-1.860e-06	1.290e+07	2.190e+01	-4.796e-08
153.323	21.000	21.000	21.000	-4.100	-2.400e+01	-4.725e-07	5.079e+07	-2.400e+01	-1.831e-06	1.311e+07	2.190e+01	-4.707e-08
154.064	21.000	21.000	21.000	-4.200	-2.400e+01	-4.767e-07	5.034e+07	-2.400e+01	-1.798e-06	1.335e+07	2.190e+01	-4.626e-08
154.803	21.000	21.000	21.000	-4.300	-2.400e+01	-4.801e-07	4.999e+07	-2.400e+01	-1.768e-06	1.358e+07	2.190e+01	-4.545e-08
155.548	21.000	21.000	21.000	-4.400	-2.400e+01	-4.835e-07	4.964e+07	-2.400e+01	-1.739e-06	1.380e+07	2.190e+01	-4.475e-08
156.287	21.000	21.000	21.000	-4.500	-2.400e+01	-4.870e-07	4.928e+07	-2.400e+01	-1.709e-06	1.404e+07	2.190e+01	-4.404e-08
157.023	21.000	21.000	21.000	-4.600	-2.400e+01	-4.906e-07	4.892e+07	-2.400e+01	-1.682e-06	1.427e+07	2.190e+01	-4.307e-08
157.764	21.000	21.000	21.000	-4.700	-2.400e+01	-4.940e-07	4.858e+07	-2.400e+01	-1.654e-06	1.451e+07	2.190e+01	-4.246e-08
158.484	21.000	21.000	21.000	-4.800	-2.400e+01	-4.975e-07	4.824e+07	-2.400e+01	-1.625e-06	1.477e+07	2.190e+01	-4.190e-08
159.235	21.000	21.000	21.000	-4.900	-2.400e+01	-5.009e-07	4.791e+07	-2.400e+01	-1.599e-06	1.501e+07	2.190e+01	-4.136e-08
159.973	21.000	21.000	21.000	-5.000	-2.400e+01	-5.044e-07	4.758e+07	-2.400e+01	-1.570e-06	1.528e+07	2.190e+01	-4.092e-08
160.713	21.000	21.000	21.000	-5.100	-2.400e+01	-5.081e-07	4.723e+07	-2.400e+01	-1.543e-06	1.555e+07	2.190e+01	-4.050e-08
161.454	21.000	21.000	21.000	-5.200	-2.400e+01	-5.116e-07	4.691e+07	-2.400e+01	-1.517e-06	1.582e+07	2.190e+01	-4.012e-08
162.193	21.000	21.000	21.000	-5.300	-2.400e+01	-5.149e-07	4.661e+07	-2.400e+01	-1.492e-06	1.609e+07	2.190e+01	-3.980e-08
162.934	21.000	21.000	21.000	-5.400	-2.400e+01	-5.179e-07	4.634e+07	-2.400e+01	-1.468e-06	1.635e+07	2.190e+01	-3.948e-08
163.673	21.000	21.000	21.000	-5.500	-2.400e+01	-5.215e-07	4.602e+07	-2.400e+01	-1.444e-06	1.662e+07	2.190e+01	-3.918e-08
164.415	21.000	21.000	21.000	-5.600	-2.400e+01	-5.248e-07	4.573e+07	-2.400e+01	-1.421e-06	1.689e+07	2.190e+01	-3.890e-08
165.153	21.000	21.000	21.000	-5.700	-2.400e+01	-5.279e-07	4.546e+07	-2.400e+01	-1.399e-06	1.716e+07	2.190e+01	-3.847e-08
165.874	21.000	21.000	21.000	-5.800	-2.400e+01	-5.314e-07	4.517e+07	-2.400e+01	-1.376e-06	1.744e+07	2.190e+01	-3.821e-08
166.614	21.000	21.000	21.000	-5.900	-2.400e+01	-5.345e-07	4.490e+07	-2.400e+01	-1.354e-06	1.772e+07	2.190e+01	-3.796e-08
167.355	21.000	21.000	21.000	-6.000	-2.400e+01	-5.377e-07	4.463e+07	-2.400e+01	-1.331e-06	1.803e+07	2.190e+01	-3.772e-08
168.094	21.000	21.000	21.000	-6.100	-2.400e+01	-5.408e-07	4.438e+07	-2.400e+01	-1.311e-06	1.831e+07	2.190e+01	-3.754e-08
168.833	21.000	21.000	21.000	-6.200	-2.400e+01	-5.440e-07	4.412e+07	-2.400e+01	-1.290e-06	1.861e+07	2.190e+01	-3.733e-08
169.627	21.000	21.000	21.000	-6.300	-2.400e+01	-5.474e-07	4.384e+07	-2.400e+01	-1.267e-06	1.895e+07	2.190e+01	-3.717e-08
170.365	21.000	21.000	21.000	-6.400	-2.400e+01	-5.504e-07	4.360e+07	-2.400e+01	-1.247e-06	1.925e+07	2.190e+01	-3.713e-08
171.104	21.000	21.000	21.000	-6.500	-2.400e+01	-5.539e-07	4.333e+07	-2.400e+01	-1.225e-06	1.960e+07	2.190e+01	-3.679e-08
171.844	21.000	21.000	21.000	-6.600	-2.400e+01	-5.566e-07	4.312e+07	-2.400e+01	-1.207e-06	1.989e+07	2.190e+01	-3.664e-08
172.584	21.000	21.000	21.000	-6.700	-2.400e+01	-5.600e-07	4.286e+07	-2.400e+01	-1.186e-06	2.024e+07	2.190e+01	-3.647e-08
173.344	21.000	21.000	21.000	-6.800	-2.400e+01	-5.633e-07	4.261e+07	-2.400e+01	-1.166e-06	2.058e+07	2.190e+01	-3.631e-08
174.084	21.000	21.000	21.000	-6.900	-2.400e+01	-5.664e-07	4.237e+07	-2.400e+01	-1.148e-06	2.090e+07	2.190e+01	-3.620e-08
174.824	21.000	21.000	21.000	-7.000	-2.400e+01	-5.695e-07	4.214e+07	-2.400e+01	-1.129e-06	2.125e+07	2.190e+01	-3.605e-08
175.565	21.000	21.000	21.000	-7.100	-2.400e+01	-5.725e-07	4.192e+07	-2.400e+01	-1.111e-06	2.160e+07	2.190e+01	-3.591e-08
176.323	21.000	21.000	21.000	-7.200	-2.400e+01	-5.756e-07	4.170e+07	-2.400e+01	-1.092e-06	2.197e+07	2.190e+01	-3.589e-08
177.064	21.000	21.000	21.000	-7.300	-2.400e+01	-5.786e-07	4.148e+07	-2.400e+01	-1.074e-06	2.235e+07	2.190e+01	-3.575e-08
177.804	21.000	21.000	21.000	-7.400	-2.400e+01	-5.815e-07	4.128e+07	-2.400e+01	-1.058e-06	2.269e+07	2.190e+01	-3.552e-08
178.544	21.000	21.000	21.000	-7.500	-2.400e+01	-5.850e-07	4.103e+07	-2.400e+01	-1.041e-06	2.306e+07	2.190e+01	-3.539e-08
179.304	21.000	21.000	21.000	-7.600	-2.400e+01	-5.879e-07	4.082e+07	-2.400e+01	-1.027e-06	2.337e+07	2.190e+01	-3.526e-08
180.044	21.000	21.000	21.000	-7.700	-2.400e+01	-5.907e-07	4.063e+07	-2.400e+01	-1.014e-06	2.368e+07	2.190e+01	-3.516e-08
180.785	21.000	21.000	21.000	-7.800	-2.400e+01	-5.936e-07	4.043e+07	-2.400e+01	-9.997e-07	2.401e+07	2.190e+01	-3.503e-08
181.524	21.000	21.000	21.000	-7.900	-2.400e+01	-5.967e-07	4.022e+07	-2.400e+01	-9.851e-07	2.436e+07	2.190e+01	-3.492e-08
182.284	21.000	21.000	21.000	-8.000	-2.400e+01	-5.998e-07	4.001e+07	-2.400e+01	-9.700e-07	2.474e+07	2.190e+01	-3.489e-08
183.024	21.000	21.000	21.000	-8.100	-2.400e+01	-6.028e-07	3.982e+07	-2.400e+01	-9.560e-07	2.511e+07	2.190e+01	-3.472e-08
183.745	21.000	21.000	21.000	-8.200	-2.400e+01	-6.058e-07	3.962e+07	-2.400e+01	-9.422e-07	2.547e+07	2.190e+01	-3.456e-08
184.484	21.000	21.000	21.000	-8.300	-2.400e+01	-6.084e-07	3.945e+07	-2.400e+01	-9.289e-07	2.584e+07	2.190e+01	-3.444e-08
185.236	21.000	21.000	21.000	-8.400	-2.400e+01	-6.115e-07	3.925e+07	-2.400e+01	-9.148e-07	2.624e+07	2.190e+01	-3.433e-08
185.975	21.000	21.000	21.000	-8.500	-2.400e+01	-6.146e-07	3.905e+07	-2.400e+01	-9.015e-07	2.662e+07	2.190e+01	-3.420e-08
186.714	21.000	21.000	21.000	-8.600	-2.400e+01	-6.174e-07	3.887e+07	-2.400e+01	-8.880e-07	2.703e+07	2.190e+01	-3.418e-08
187.485	21.000	21.000	21.000	-8.700	-2.400e+01	-6.201e-07	3.870e+07	-2.400e+01	-8.753e-07	2.742e+07	2.190e+01	-3.403e-08
188.235	21.000	21.000	21.000	-8.800	-2.400e+01	-6.230e-07	3.852e+07	-2.400e+01	-8.625e-07	2.783e+07	2.190e+01	-3.401e-08
188.975	21.000	21.000	21.000	-8.900	-2.400e+01	-6.261e-07	3.833e+07	-2.400e+01	-8.491e-07	2.826e+07	2.190e+01	-3.385e-08
189.714	21.000	21.000	21.000	-9.000	-2.400e+01	-6.288e-07	3.817e+07	-2.400e+01	-8.362e-07	2.870e+07	2.190e+01	-3.371e-08
190.454	21.000	21.000	21.000	-9.100	-2.400e+01	-6.316e-07	3.800e+07	-2.400e+01	-8.234e-07	2.915e+07	2.190e+01	-3.369e-08
191.195	21.000	21.000	21.000	-9.200	-2.400e+01	-6.344e-07	3.783e+07	-2.400e+01	-8.110e-07	2.959e+07	2.190e+01	-3.353e-08
191.934	21.000	21.000	21.000	-9.300	-2.400e+01	-6.374e-07	3.766e+07	-2.400e+01	-7.982e-07	3.007e+07	2.190e+01	-3.351e-08
192.675	21.000	21.000	21.000	-9.400	-2.400e+01	-6.399e-07	3.751e+07	-2.400e+01	-7.866e-07	3.051e+07	2.190e+01	-3.333e-08
193.416	21.000	21.000	21.000	-9.500	-2.400e+01	-6.426e-07	3.735e+07	-2.400e+01	-7.741e-07	3.100e+07	2.190e+01	-3.334e-08
194.155	21.000	21.000	21.000	-9.600	-2.400e+01	-6.453e-07	3.719e+07	-2.400e+01	-7.617e-07	3.151e+07	2.190e+01	-3.318e-08
194.894	21.000	21.000	21.000	-9.700	-2.400e+01	-6.479e-07	3.704e+07	-2.400e+01	-7.502e-07	3.199e+07	2.190e+01	-3.316e-08
195.634	21.000	21.000	21.000	-9.800	-2.400e+01	-6.510e-07	3.686e+07	-2.400e+01	-7.371e-07	3.256e+07	2.190e+01	-3.313e-08
196.376	21.000	21.000	21.000	-9.900	-2.400e+01	-6.533e-07	3.674e+07	-2.400e+01	-7.257e-07	3.307e+07	2.190e+01	-3.299e-08
197.114	21.000	21.000	21.000	-10.000	-2.400e+01	-6.559e-07	3.659e+07	-2.400e+01	-7.134e-07	3.364e+07	2.190e+01	-3.284e-08
197.856	21.000	21.000	21.000	-10.100	-2.400e+01	-6.587e-07	3.644e+07	-2.400e+01	-7.007e-07	3.425e+07	2.190e+01	-3.282e-08
198.594	21.000	21.000	21.000	-10.200	-2.400e+01	-6.612e-07	3.630e+07	-2.400e+01	-6.883e-07	3.487e+07	2.190e+01	-3.267e-08
199.354	21.000	21.000	21.000	-10.300	-2.400e+01	-6.638e-07	3.615e+07	-2.400e+01	-6.757e-07	3.552e+07	2.190e+01	-3.267e-08
200.147	21.000	21.000	21.000	-10.400	-2.400e+01	-6.663e-07	3.602e+07	-2.400e+01	-6.633e-07	3.618e+07	2.190e+01	-3.264e-08
200.885	21.000	21.000	21.000	-10.500	-2.400e+01	-6.688e-07	3.588e+07	-2.400e+01	-6.517e-07	3.683e+07	2.190e+01	-3.250e-08
201.625	21.000	21.000	21.000	-10.600	-2.400e+01	-6.716e-07	3.574e+07	-2.400e+01	-6.398e-07	3.751e+07	2.190e+01	-3.247e-08
202.366	21.000	21.000	21.000	-10.700	-2.400e+01	-6.740e-07	3.561e+07	-2.400e+01	-6.291e-07	3.815e+07	2.190e+01	-3.234e-08
203.105	21.000	21.000	21.000	-10.800	-2.400e+01	-6.766e-07	3.547e+07	-2.400e+01	-6.184e-07	3.881e+07	2.190e+01	-3.232e-08
203.844	21.000	21.000	21.000	-10.900	-2.400e+01	-6.791e-07	3.534e+07	-2.400e+01	-6.076e-07	3.950e+07	2.190e+01	-3.229e-08
204.585	21.000	21.000	21.000	-11.000	-2.400e+01	-6.813e-07	3.523e+07	-2.400e+01	-5.978e-07	4.015e+07	2.190e+01	-3.216e-08
205.344	21.000	21.000	21.000	-11.100	-2.400e+01	-6.839e-07	3.510e+07	-2.400e+01	-5.872e-07	4.087e+07	2.190e+01	-3.214e-08
206.085	21.000	21.000	21.000	-11.200	-2.400e+01	-6.860e-07	3.498e+07	-2.400e+01	-5.771e-07	4.158e+07	2.190e+01	-3.211e-08
206.826	21.000	21.000	21.000	-11.300	-2.400e+01	-6.888e-07	3.484e+07	-2.400e+01	-5.669e-07	4.234e+07	2.190e+01	-3.198e-08
207.565	21.000	21.000	21.000	-11.400	-2.400e+01	-6.910e-07	3.473e+07	-2.400e+01	-5.576e-07	4.304e+07	2.190e+01	-3.196e-08
208.325	21.000	21.000	21.000	-11.500	-2.400e+01	-6.933e-07	3.462e+07	-2.400e+01	-5.484e-07	4.377e+07	2.190e+01	-3.192e-08
209.344	21.000	21.000	21.000	-11.600	-2.400e+01	-6.959e-07	3.449e+07	-2.400e+01	-5.391e-07	4.452e+07	2.190e+01	-3.180e-08
210.456	21.000	21.000	21.000	-11.700	-2.400e+01	-6.981e-07	3.438e+07	-2.400e+01	-5.299e-07	4.529e+07	2.190e+01	-3.177e-08
211.195	21.000	21.000	21.000	-11.800	-2.400e+01	-7.002e-07	3.428e+07	-2.400e+01	-5.210e-07	4.607e+07	2.190e+01	-3.175e-08
211.939	21.000	21.000	21.000	-11.900	-2.400e+01	-7.027e-07	3.416e+07	-2.400e+01	-5.120e-07	4.687e+07	2.190e+01	-3.171e-08
212.679	21.000	21.000	21.000	-12.000	-2.400e+01	-7.049e-07	3.405e+07	-2.400e+01	-5.034e-07	4.767e+07	2.190e+01	-3.158e-08
213.416	21.000	21.000	21.000	-12.100	-2.400e+01	-7.072e-07	3.394e+07	-2.400e+01	-4.946e-07	4.853e+07	2.190e+01	-3.157e-08
214.155	21.000	21.000	21.000	-12.200	-2.400e+01	-7.094e-07	3.383e+07	-2.400e+01	-4.861e-07	4.937e+07	2.190e+01	-3.154e-08
214.925	21.000	21.000	21.000	-12.300	-2.400e+01	-7.114e-07	3.373e+07	-2.400e+01	-4.778e-07	5.023e+07	2.190e+01	-3.152e-08
215.665	21.000	21.000	21.000	-12.400	-2.400e+01	-7.139e-07	3.362e+07	-2.400e+01	-4.694e-07	5.113e+07	2.190e+01	-3.147e-08
216.406	21.000	21.000	21.000	-12.500	-2.400e+01	-7.161e-07	3.352e+07	-2.400e+01	-4.615e-07	5.201e+07	2.190e+01	-3.141e-08
217.145	21.000	21.000	21.000	-12.600	-2.400e+01	-7.182e-07	3.342e+07	-2.400e+01	-4.537e-07	5.290e+07	2.190e+01	-3.127e-08
217.885	21.000	21.000	21.000	-12.700	-2.400e+01	-7.205e-07	3.331e+07	-2.400e+01	-4.457e-07	5.385e+07	2.190e+01	-3.127e-08
218.625	21.000	21.000	21.000	-12.800	-2.400e+01	-7.224e-07	3.322e+07	-2.400e+01	-4.378e-07	5.482e+07	2.190e+01	-3.125e-08
219.366	21.000	21.000	21.000	-12.900	-2.400e+01	-7.247e-07	3.312e+07	-2.400e+01	-4.302e-07	5.578e+07	2.190e+01	-3.123e-08
220.105	21.000	21.000	21.000	-13.000	-2.400e+01	-7.269e-07	3.302e+07	-2.400e+01	-4.228e-07	5.676e+07	2.190e+01	-3.119e-08
220.846	21.000	21.000	21.000	-13.100	-2.400e+01	-7.289e-07	3.293e+07	-2.400e+01	-4.157e-07	5.773e+07	2.190e+01	-3.115e-08
221.585	21.000	21.000	21.000	-13.200	-2.400e+01	-7.309e-07	3.284e+07	-2.400e+01	-4.089e-07	5.869e+07	2.190e+01	-3.110e-08
222.345	21.000	21.000	21.000	-13.300	-2.400e+01	-7.331e-07	3.274e+07	-2.400e+01	-4.017e-07	5.975e+07	2.190e+01	-3.106e-08
223.085	21.000	21.000	21.000	-13.400	-2.400e+01	-7.348e-07	3.266e+07	-2.400e+01	-3.953e-07	6.072e+07	2.190e+01	-3.100e-08
223.825	21.000	21.000	21.000	-13.500	-2.400e+01	-7.369e-07	3.257e+07	-2.400e+01	-3.885e-07	6.178e+07	2.190e+01	-3.096e-08
224.569	21.000	21.000	21.000	-13.600	-2.400e+01	-7.389e-07	3.248e+07	-2.400e+01	-3.816e-07	6.289e+07	2.190e+01	-3.092e-08
225.329	21.000	21.000	21.000	-13.700	-2.400e+01	-7.412e-07	3.238e+07	-2.400e+01	-3.748e-07	6.403e+07	2.190e+01	-3.087e-08
226.066	21.000	21.000	21.000	-13.800	-2.400e+01	-7.429e-07	3.230e+07	-2.400e+01	-3.679e-07	6.524e+07	2.190e+01	-3.083e-08
226.805	21.000	21.000	21.000	-13.900	-2.400e+01	-7.450e-07	3.222e+07	-2.400e+01	-3.610e-07	6.649e+07	2.190e+01	-3.079e-08
227.545	21.000	21.000	21.000	-14.000	-2.400e+01	-7.472e-07	3.212e+07	-2.400e+01	-3.539e-07	6.782e+07	2.190e+01	-3.074e-08
228.306	21.000	21.000	21.000	-14.100	-2.400e+01	-7.488e-07	3.205e+07	-2.400e+01	-3.468e-07	6.920e+07	2.190e+01	-3.070e-08
229.055	21.000	21.000	21.000	-14.200	-2.400e+01	-7.511e-07	3.195e+07	-2.400e+01	-3.400e-07	7.060e+07	2.190e+01	-3.064e-08
229.848	21.000	21.000	21.000	-14.300	-2.400e+01	-7.526e-07	3.189e+07	-2.400e+01	-3.337e-07	7.193e+07	2.190e+01	-3.060e-08
230.596	21.000	21.000	21.000	-14.400	-2.400e+01	-7.547e-07	3.180e+07	-2.400e+01	-3.277e-07	7.324e+07	2.190e+01	-3.055e-08
231.336	21.000	21.000	21.000	-14.500	-2.400e+01	-7.563e-07	3.173e+07	-2.400e+01	-3.229e-07	7.433e+07	2.190e+01	-3.051e-08
232.075	21.000	21.000	21.000	-14.600	-2.400e+01	-7.581e-07	3.166e+07	-2.400e+01	-3.196e-07	7.509e+07	2.190e+01	-3.046e-08
232.816	21.000	21.000	21.000	-14.700	-2.400e+01	-7.599e-07	3.159e+07	-2.400e+01	-3.177e-07	7.554e+07	2.190e+01	-3.042e-08
233.565	21.000	21.000	21.000	-14.800	-2.400e+01	-7.623e-07	3.148e+07	-2.400e+01	-3.157e-07	7.602e+07	2.190e+01	-3.037e-08
234.325	21.000	21.000	21.000	-14.900	-2.400e+01	-7.639e-07	3.142e+07	-2.400e+01	-3.154e-07	7.610e+07	2.190e+01	-3.025e-08
235.065	21.000	21.000	21.000	-15.000	-2.400e+01	-7.657e-07	3.134e+07	-2.400e+01	-3.144e-07	7.632e+07	2.190e+01	-3.023e-08
