time, s	APT pos, mm	APL pos, mm	APR pos, mm	APB pos, mm	TH1992B_1.VOLT1	TH1992B_1.CURR1	TH1992B_1.RES1	TH1992B_1.VOLT2	TH1992B_1.CURR2	TH1992B_1.RES2	TH2690A_1.VOLT	TH2690A_1.CURR
0.158	21.000	21.000	21.000	-15.000	-2.400e+01	-7.657e-07	3.134e+07	-2.400e+01	-3.146e-07	7.630e+07	2.190e+01	-3.020e-08
2.489	21.000	21.000	21.000	-14.900	-2.400e+01	-7.638e-07	3.142e+07	-2.400e+01	-3.153e-07	7.611e+07	2.190e+01	-3.020e-08
3.197	21.000	21.000	21.000	-14.800	-2.400e+01	-7.617e-07	3.151e+07	-2.400e+01	-3.161e-07	7.591e+07	2.190e+01	-3.022e-08
3.918	21.000	21.000	21.000	-14.700	-2.400e+01	-7.598e-07	3.159e+07	-2.400e+01	-3.173e-07	7.564e+07	2.190e+01	-3.023e-08
4.627	21.000	21.000	21.000	-14.600	-2.400e+01	-7.584e-07	3.165e+07	-2.400e+01	-3.191e-07	7.521e+07	2.190e+01	-3.027e-08
5.338	21.000	21.000	21.000	-14.500	-2.400e+01	-7.563e-07	3.173e+07	-2.400e+01	-3.227e-07	7.437e+07	2.190e+01	-3.031e-08
6.058	21.000	21.000	21.000	-14.400	-2.400e+01	-7.543e-07	3.182e+07	-2.400e+01	-3.276e-07	7.327e+07	2.190e+01	-3.045e-08
6.768	21.000	21.000	21.000	-14.300	-2.400e+01	-7.523e-07	3.190e+07	-2.400e+01	-3.335e-07	7.197e+07	2.190e+01	-3.046e-08
7.499	21.000	21.000	21.000	-14.200	-2.400e+01	-7.502e-07	3.199e+07	-2.400e+01	-3.401e-07	7.057e+07	2.190e+01	-3.048e-08
8.217	21.000	21.000	21.000	-14.100	-2.400e+01	-7.486e-07	3.206e+07	-2.400e+01	-3.462e-07	6.933e+07	2.190e+01	-3.050e-08
8.948	21.000	21.000	21.000	-14.000	-2.400e+01	-7.464e-07	3.215e+07	-2.400e+01	-3.537e-07	6.786e+07	2.190e+01	-3.053e-08
9.698	21.000	21.000	21.000	-13.900	-2.400e+01	-7.443e-07	3.225e+07	-2.400e+01	-3.609e-07	6.649e+07	2.190e+01	-3.057e-08
10.447	21.000	21.000	21.000	-13.800	-2.400e+01	-7.425e-07	3.233e+07	-2.400e+01	-3.674e-07	6.532e+07	2.190e+01	-3.061e-08
11.188	21.000	21.000	21.000	-13.700	-2.400e+01	-7.405e-07	3.241e+07	-2.400e+01	-3.743e-07	6.412e+07	2.190e+01	-3.065e-08
11.908	21.000	21.000	21.000	-13.600	-2.400e+01	-7.385e-07	3.250e+07	-2.400e+01	-3.811e-07	6.297e+07	2.190e+01	-3.069e-08
12.642	21.000	21.000	21.000	-13.500	-2.400e+01	-7.366e-07	3.258e+07	-2.400e+01	-3.878e-07	6.189e+07	2.190e+01	-3.073e-08
13.402	21.000	21.000	21.000	-13.400	-2.400e+01	-7.344e-07	3.268e+07	-2.400e+01	-3.946e-07	6.082e+07	2.190e+01	-3.077e-08
14.148	21.000	21.000	21.000	-13.300	-2.400e+01	-7.325e-07	3.276e+07	-2.400e+01	-4.010e-07	5.985e+07	2.190e+01	-3.083e-08
14.898	21.000	21.000	21.000	-13.200	-2.400e+01	-7.302e-07	3.287e+07	-2.400e+01	-4.081e-07	5.881e+07	2.190e+01	-3.086e-08
15.638	21.000	21.000	21.000	-13.100	-2.400e+01	-7.281e-07	3.296e+07	-2.400e+01	-4.154e-07	5.778e+07	2.190e+01	-3.090e-08
16.378	21.000	21.000	21.000	-13.000	-2.400e+01	-7.262e-07	3.305e+07	-2.400e+01	-4.220e-07	5.687e+07	2.190e+01	-3.094e-08
17.118	21.000	21.000	21.000	-12.900	-2.400e+01	-7.238e-07	3.316e+07	-2.400e+01	-4.295e-07	5.588e+07	2.190e+01	-3.099e-08
17.858	21.000	21.000	21.000	-12.800	-2.400e+01	-7.215e-07	3.326e+07	-2.400e+01	-4.373e-07	5.488e+07	2.190e+01	-3.103e-08
18.598	21.000	21.000	21.000	-12.700	-2.400e+01	-7.192e-07	3.337e+07	-2.400e+01	-4.454e-07	5.389e+07	2.190e+01	-3.107e-08
19.338	21.000	21.000	21.000	-12.600	-2.400e+01	-7.173e-07	3.346e+07	-2.400e+01	-4.529e-07	5.299e+07	2.190e+01	-3.112e-08
20.079	21.000	21.000	21.000	-12.500	-2.400e+01	-7.149e-07	3.357e+07	-2.400e+01	-4.610e-07	5.206e+07	2.190e+01	-3.127e-08
20.888	21.000	21.000	21.000	-12.400	-2.400e+01	-7.125e-07	3.368e+07	-2.400e+01	-4.691e-07	5.116e+07	2.190e+01	-3.127e-08
21.629	21.000	21.000	21.000	-12.300	-2.400e+01	-7.104e-07	3.378e+07	-2.400e+01	-4.771e-07	5.030e+07	2.190e+01	-3.129e-08
22.399	21.000	21.000	21.000	-12.200	-2.400e+01	-7.083e-07	3.388e+07	-2.400e+01	-4.853e-07	4.945e+07	2.190e+01	-3.132e-08
23.128	21.000	21.000	21.000	-12.100	-2.400e+01	-7.056e-07	3.402e+07	-2.400e+01	-4.943e-07	4.855e+07	2.190e+01	-3.141e-08
23.920	21.000	21.000	21.000	-12.000	-2.400e+01	-7.037e-07	3.411e+07	-2.400e+01	-5.025e-07	4.776e+07	2.190e+01	-3.144e-08
24.658	21.000	21.000	21.000	-11.900	-2.400e+01	-7.014e-07	3.421e+07	-2.400e+01	-5.108e-07	4.699e+07	2.190e+01	-3.148e-08
25.417	21.000	21.000	21.000	-11.800	-2.400e+01	-6.987e-07	3.435e+07	-2.400e+01	-5.204e-07	4.612e+07	2.190e+01	-3.158e-08
26.158	21.000	21.000	21.000	-11.700	-2.400e+01	-6.965e-07	3.446e+07	-2.400e+01	-5.292e-07	4.535e+07	2.190e+01	-3.162e-08
27.319	21.000	21.000	21.000	-11.600	-2.400e+01	-6.942e-07	3.457e+07	-2.400e+01	-5.380e-07	4.461e+07	2.190e+01	-3.176e-08
28.336	21.000	21.000	21.000	-11.500	-2.400e+01	-6.916e-07	3.470e+07	-2.400e+01	-5.475e-07	4.383e+07	2.190e+01	-3.177e-08
29.078	21.000	21.000	21.000	-11.400	-2.400e+01	-6.893e-07	3.482e+07	-2.400e+01	-5.567e-07	4.311e+07	2.190e+01	-3.179e-08
29.818	21.000	21.000	21.000	-11.300	-2.400e+01	-6.867e-07	3.495e+07	-2.400e+01	-5.663e-07	4.238e+07	2.190e+01	-3.182e-08
30.559	21.000	21.000	21.000	-11.200	-2.400e+01	-6.845e-07	3.506e+07	-2.400e+01	-5.757e-07	4.169e+07	2.190e+01	-3.196e-08
31.298	21.000	21.000	21.000	-11.100	-2.400e+01	-6.820e-07	3.519e+07	-2.400e+01	-5.859e-07	4.096e+07	2.190e+01	-3.199e-08
32.039	21.000	21.000	21.000	-11.000	-2.400e+01	-6.794e-07	3.533e+07	-2.400e+01	-5.962e-07	4.025e+07	2.190e+01	-3.213e-08
32.798	21.000	21.000	21.000	-10.900	-2.400e+01	-6.770e-07	3.545e+07	-2.400e+01	-6.065e-07	3.957e+07	2.190e+01	-3.215e-08
33.539	21.000	21.000	21.000	-10.800	-2.400e+01	-6.744e-07	3.559e+07	-2.400e+01	-6.171e-07	3.889e+07	2.190e+01	-3.218e-08
34.278	21.000	21.000	21.000	-10.700	-2.400e+01	-6.720e-07	3.572e+07	-2.400e+01	-6.276e-07	3.824e+07	2.190e+01	-3.230e-08
35.029	21.000	21.000	21.000	-10.600	-2.400e+01	-6.690e-07	3.587e+07	-2.400e+01	-6.394e-07	3.754e+07	2.190e+01	-3.234e-08
35.769	21.000	21.000	21.000	-10.500	-2.400e+01	-6.663e-07	3.602e+07	-2.400e+01	-6.505e-07	3.689e+07	2.190e+01	-3.237e-08
36.510	21.000	21.000	21.000	-10.400	-2.400e+01	-6.638e-07	3.615e+07	-2.400e+01	-6.622e-07	3.624e+07	2.190e+01	-3.253e-08
37.249	21.000	21.000	21.000	-10.300	-2.400e+01	-6.613e-07	3.629e+07	-2.400e+01	-6.743e-07	3.559e+07	2.190e+01	-3.265e-08
37.988	21.000	21.000	21.000	-10.200	-2.400e+01	-6.586e-07	3.644e+07	-2.400e+01	-6.870e-07	3.493e+07	2.190e+01	-3.267e-08
38.729	21.000	21.000	21.000	-10.100	-2.400e+01	-6.556e-07	3.661e+07	-2.400e+01	-7.001e-07	3.428e+07	2.190e+01	-3.280e-08
39.473	21.000	21.000	21.000	-10.000	-2.400e+01	-6.529e-07	3.676e+07	-2.400e+01	-7.127e-07	3.368e+07	2.190e+01	-3.282e-08
40.233	21.000	21.000	21.000	-9.900	-2.400e+01	-6.504e-07	3.690e+07	-2.400e+01	-7.242e-07	3.314e+07	2.190e+01	-3.286e-08
40.970	21.000	21.000	21.000	-9.800	-2.400e+01	-6.474e-07	3.707e+07	-2.400e+01	-7.369e-07	3.257e+07	2.190e+01	-3.300e-08
41.709	21.000	21.000	21.000	-9.700	-2.400e+01	-6.444e-07	3.724e+07	-2.400e+01	-7.493e-07	3.203e+07	2.190e+01	-3.304e-08
42.450	21.000	21.000	21.000	-9.600	-2.400e+01	-6.419e-07	3.739e+07	-2.400e+01	-7.611e-07	3.153e+07	2.190e+01	-3.321e-08
43.188	21.000	21.000	21.000	-9.500	-2.400e+01	-6.393e-07	3.754e+07	-2.400e+01	-7.732e-07	3.104e+07	2.190e+01	-3.337e-08
43.929	21.000	21.000	21.000	-9.400	-2.400e+01	-6.362e-07	3.772e+07	-2.400e+01	-7.855e-07	3.055e+07	2.190e+01	-3.339e-08
44.668	21.000	21.000	21.000	-9.300	-2.400e+01	-6.334e-07	3.789e+07	-2.400e+01	-7.976e-07	3.009e+07	2.190e+01	-3.353e-08
45.428	21.000	21.000	21.000	-9.200	-2.400e+01	-6.308e-07	3.805e+07	-2.400e+01	-8.097e-07	2.964e+07	2.190e+01	-3.356e-08
46.169	21.000	21.000	21.000	-9.100	-2.400e+01	-6.278e-07	3.823e+07	-2.400e+01	-8.224e-07	2.918e+07	2.190e+01	-3.370e-08
46.909	21.000	21.000	21.000	-9.000	-2.400e+01	-6.251e-07	3.839e+07	-2.400e+01	-8.349e-07	2.875e+07	2.190e+01	-3.375e-08
48.229	21.000	21.000	21.000	-8.900	-2.400e+01	-6.223e-07	3.857e+07	-2.400e+01	-8.478e-07	2.831e+07	2.190e+01	-3.396e-08
49.398	21.000	21.000	21.000	-8.800	-2.400e+01	-6.194e-07	3.875e+07	-2.400e+01	-8.601e-07	2.790e+07	2.190e+01	-3.399e-08
50.138	21.000	21.000	21.000	-8.700	-2.400e+01	-6.164e-07	3.894e+07	-2.400e+01	-8.736e-07	2.747e+07	2.190e+01	-3.413e-08
50.879	21.000	21.000	21.000	-8.600	-2.400e+01	-6.132e-07	3.914e+07	-2.400e+01	-8.870e-07	2.706e+07	2.190e+01	-3.416e-08
51.599	21.000	21.000	21.000	-8.500	-2.400e+01	-6.106e-07	3.931e+07	-2.400e+01	-8.993e-07	2.669e+07	2.190e+01	-3.429e-08
52.339	21.000	21.000	21.000	-8.400	-2.400e+01	-6.075e-07	3.951e+07	-2.400e+01	-9.134e-07	2.628e+07	2.190e+01	-3.443e-08
53.083	21.000	21.000	21.000	-8.300	-2.400e+01	-6.046e-07	3.969e+07	-2.400e+01	-9.258e-07	2.592e+07	2.190e+01	-3.449e-08
53.875	21.000	21.000	21.000	-8.200	-2.400e+01	-6.018e-07	3.988e+07	-2.400e+01	-9.387e-07	2.557e+07	2.190e+01	-3.461e-08
54.619	21.000	21.000	21.000	-8.100	-2.400e+01	-5.987e-07	4.009e+07	-2.400e+01	-9.532e-07	2.518e+07	2.190e+01	-3.484e-08
55.378	21.000	21.000	21.000	-8.000	-2.400e+01	-5.959e-07	4.028e+07	-2.400e+01	-9.669e-07	2.482e+07	2.190e+01	-3.485e-08
56.119	21.000	21.000	21.000	-7.900	-2.400e+01	-5.925e-07	4.050e+07	-2.400e+01	-9.814e-07	2.445e+07	2.190e+01	-3.502e-08
56.859	21.000	21.000	21.000	-7.800	-2.400e+01	-5.894e-07	4.072e+07	-2.400e+01	-9.962e-07	2.409e+07	2.190e+01	-3.507e-08
57.589	21.000	21.000	21.000	-7.700	-2.400e+01	-5.866e-07	4.092e+07	-2.400e+01	-1.010e-06	2.377e+07	2.190e+01	-3.522e-08
58.337	21.000	21.000	21.000	-7.600	-2.400e+01	-5.833e-07	4.115e+07	-2.400e+01	-1.024e-06	2.343e+07	2.190e+01	-3.528e-08
59.069	21.000	21.000	21.000	-7.500	-2.400e+01	-5.803e-07	4.136e+07	-2.400e+01	-1.039e-06	2.311e+07	2.190e+01	-3.542e-08
59.809	21.000	21.000	21.000	-7.400	-2.400e+01	-5.774e-07	4.156e+07	-2.400e+01	-1.053e-06	2.279e+07	2.190e+01	-3.554e-08
60.549	21.000	21.000	21.000	-7.300	-2.400e+01	-5.740e-07	4.181e+07	-2.400e+01	-1.071e-06	2.242e+07	2.190e+01	-3.564e-08
61.341	21.000	21.000	21.000	-7.200	-2.400e+01	-5.709e-07	4.204e+07	-2.400e+01	-1.088e-06	2.205e+07	2.190e+01	-3.576e-08
62.079	21.000	21.000	21.000	-7.100	-2.400e+01	-5.679e-07	4.226e+07	-2.400e+01	-1.107e-06	2.168e+07	2.190e+01	-3.596e-08
62.824	21.000	21.000	21.000	-7.000	-2.400e+01	-5.647e-07	4.250e+07	-2.400e+01	-1.125e-06	2.133e+07	2.190e+01	-3.608e-08
63.574	21.000	21.000	21.000	-6.900	-2.400e+01	-5.619e-07	4.271e+07	-2.400e+01	-1.143e-06	2.100e+07	2.190e+01	-3.612e-08
64.351	21.000	21.000	21.000	-6.800	-2.400e+01	-5.583e-07	4.299e+07	-2.400e+01	-1.163e-06	2.064e+07	2.190e+01	-3.625e-08
65.100	21.000	21.000	21.000	-6.700	-2.400e+01	-5.553e-07	4.322e+07	-2.400e+01	-1.180e-06	2.033e+07	2.190e+01	-3.637e-08
65.840	21.000	21.000	21.000	-6.600	-2.400e+01	-5.518e-07	4.349e+07	-2.400e+01	-1.201e-06	1.998e+07	2.190e+01	-3.665e-08
66.580	21.000	21.000	21.000	-6.500	-2.400e+01	-5.487e-07	4.374e+07	-2.400e+01	-1.221e-06	1.966e+07	2.190e+01	-3.678e-08
67.331	21.000	21.000	21.000	-6.400	-2.400e+01	-5.458e-07	4.398e+07	-2.400e+01	-1.240e-06	1.935e+07	2.190e+01	-3.692e-08
68.070	21.000	21.000	21.000	-6.300	-2.400e+01	-5.423e-07	4.425e+07	-2.400e+01	-1.262e-06	1.902e+07	2.190e+01	-3.706e-08
68.791	21.000	21.000	21.000	-6.200	-2.400e+01	-5.390e-07	4.453e+07	-2.400e+01	-1.284e-06	1.869e+07	2.190e+01	-3.723e-08
69.530	21.000	21.000	21.000	-6.100	-2.400e+01	-5.358e-07	4.480e+07	-2.400e+01	-1.305e-06	1.840e+07	2.190e+01	-3.740e-08
70.270	21.000	21.000	21.000	-6.000	-2.400e+01	-5.324e-07	4.508e+07	-2.400e+01	-1.327e-06	1.809e+07	2.190e+01	-3.754e-08
71.040	21.000	21.000	21.000	-5.900	-2.400e+01	-5.293e-07	4.534e+07	-2.400e+01	-1.347e-06	1.781e+07	2.190e+01	-3.772e-08
71.780	21.000	21.000	21.000	-5.800	-2.400e+01	-5.256e-07	4.566e+07	-2.400e+01	-1.371e-06	1.751e+07	2.190e+01	-3.813e-08
72.523	21.000	21.000	21.000	-5.700	-2.400e+01	-5.224e-07	4.595e+07	-2.400e+01	-1.394e-06	1.722e+07	2.190e+01	-3.835e-08
73.260	21.000	21.000	21.000	-5.600	-2.400e+01	-5.188e-07	4.626e+07	-2.400e+01	-1.418e-06	1.693e+07	2.190e+01	-3.863e-08
73.991	21.000	21.000	21.000	-5.500	-2.400e+01	-5.155e-07	4.655e+07	-2.400e+01	-1.441e-06	1.666e+07	2.190e+01	-3.889e-08
74.720	21.000	21.000	21.000	-5.400	-2.400e+01	-5.122e-07	4.686e+07	-2.400e+01	-1.464e-06	1.639e+07	2.190e+01	-3.917e-08
75.462	21.000	21.000	21.000	-5.300	-2.400e+01	-5.088e-07	4.717e+07	-2.400e+01	-1.489e-06	1.611e+07	2.190e+01	-3.948e-08
76.204	21.000	21.000	21.000	-5.200	-2.400e+01	-5.058e-07	4.745e+07	-2.400e+01	-1.513e-06	1.586e+07	2.190e+01	-3.979e-08
76.944	21.000	21.000	21.000	-5.100	-2.400e+01	-5.023e-07	4.778e+07	-2.400e+01	-1.538e-06	1.560e+07	2.190e+01	-4.012e-08
77.681	21.000	21.000	21.000	-5.000	-2.400e+01	-4.984e-07	4.815e+07	-2.400e+01	-1.565e-06	1.533e+07	2.190e+01	-4.050e-08
78.440	21.000	21.000	21.000	-4.900	-2.400e+01	-4.952e-07	4.847e+07	-2.400e+01	-1.593e-06	1.507e+07	2.190e+01	-4.093e-08
79.181	21.000	21.000	21.000	-4.800	-2.400e+01	-4.919e-07	4.879e+07	-2.400e+01	-1.617e-06	1.484e+07	2.190e+01	-4.172e-08
79.920	21.000	21.000	21.000	-4.700	-2.400e+01	-4.882e-07	4.916e+07	-2.400e+01	-1.645e-06	1.459e+07	2.190e+01	-4.226e-08
80.661	21.000	21.000	21.000	-4.600	-2.400e+01	-4.846e-07	4.952e+07	-2.400e+01	-1.674e-06	1.433e+07	2.190e+01	-4.280e-08
81.420	21.000	21.000	21.000	-4.500	-2.400e+01	-4.810e-07	4.990e+07	-2.400e+01	-1.702e-06	1.410e+07	2.190e+01	-4.345e-08
82.160	21.000	21.000	21.000	-4.400	-2.400e+01	-4.776e-07	5.026e+07	-2.400e+01	-1.731e-06	1.386e+07	2.190e+01	-4.405e-08
82.901	21.000	21.000	21.000	-4.300	-2.400e+01	-4.739e-07	5.064e+07	-2.400e+01	-1.762e-06	1.362e+07	2.190e+01	-4.470e-08
83.694	21.000	21.000	21.000	-4.200	-2.400e+01	-4.702e-07	5.104e+07	-2.400e+01	-1.792e-06	1.339e+07	2.190e+01	-4.550e-08
84.452	21.000	21.000	21.000	-4.100	-2.400e+01	-4.669e-07	5.140e+07	-2.400e+01	-1.820e-06	1.319e+07	2.190e+01	-4.688e-08
85.621	21.000	21.000	21.000	-4.000	-2.400e+01	-4.629e-07	5.184e+07	-2.400e+01	-1.851e-06	1.296e+07	2.190e+01	-4.798e-08
86.720	21.000	21.000	21.000	-3.900	-2.400e+01	-4.590e-07	5.229e+07	-2.400e+01	-1.883e-06	1.274e+07	2.190e+01	-4.917e-08
87.631	21.000	21.000	21.000	-3.800	-2.400e+01	-4.555e-07	5.269e+07	-2.400e+01	-1.912e-06	1.255e+07	2.190e+01	-5.035e-08
88.351	21.000	21.000	21.000	-3.700	-2.400e+01	-4.519e-07	5.311e+07	-2.400e+01	-1.944e-06	1.234e+07	2.190e+01	-5.107e-08
89.094	21.000	21.000	21.000	-3.600	-2.400e+01	-4.483e-07	5.354e+07	-2.400e+01	-1.975e-06	1.215e+07	2.190e+01	-5.244e-08
89.835	21.000	21.000	21.000	-3.500	-2.400e+01	-4.447e-07	5.397e+07	-2.400e+01	-2.006e-06	1.196e+07	2.190e+01	-5.382e-08
90.571	21.000	21.000	21.000	-3.400	-2.400e+01	-4.409e-07	5.443e+07	-2.400e+01	-2.037e-06	1.178e+07	2.190e+01	-5.525e-08
91.322	21.000	21.000	21.000	-3.300	-2.400e+01	-4.374e-07	5.487e+07	-2.400e+01	-2.068e-06	1.161e+07	2.190e+01	-5.684e-08
92.060	21.000	21.000	21.000	-3.200	-2.400e+01	-4.334e-07	5.537e+07	-2.400e+01	-2.099e-06	1.143e+07	2.190e+01	-5.989e-08
92.801	21.000	21.000	21.000	-3.100	-2.400e+01	-4.296e-07	5.586e+07	-2.400e+01	-2.130e-06	1.127e+07	2.190e+01	-6.183e-08
93.540	21.000	21.000	21.000	-3.000	-2.400e+01	-4.262e-07	5.632e+07	-2.400e+01	-2.160e-06	1.111e+07	2.190e+01	-6.382e-08
94.284	21.000	21.000	21.000	-2.900	-2.400e+01	-4.222e-07	5.684e+07	-2.400e+01	-2.193e-06	1.095e+07	2.190e+01	-6.600e-08
95.002	21.000	21.000	21.000	-2.800	-2.400e+01	-4.184e-07	5.736e+07	-2.400e+01	-2.222e-06	1.080e+07	2.190e+01	-6.823e-08
95.744	21.000	21.000	21.000	-2.700	-2.400e+01	-4.148e-07	5.786e+07	-2.400e+01	-2.253e-06	1.065e+07	2.190e+01	-7.078e-08
96.482	21.000	21.000	21.000	-2.600	-2.400e+01	-4.110e-07	5.840e+07	-2.400e+01	-2.284e-06	1.051e+07	2.190e+01	-7.322e-08
97.220	21.000	21.000	21.000	-2.500	-2.400e+01	-4.071e-07	5.895e+07	-2.400e+01	-2.314e-06	1.037e+07	2.190e+01	-7.597e-08
97.961	21.000	21.000	21.000	-2.400	-2.400e+01	-4.030e-07	5.955e+07	-2.400e+01	-2.344e-06	1.024e+07	2.190e+01	-7.869e-08
98.701	21.000	21.000	21.000	-2.300	-2.400e+01	-3.994e-07	6.009e+07	-2.400e+01	-2.373e-06	1.011e+07	2.190e+01	-8.370e-08
99.452	21.000	21.000	21.000	-2.200	-2.400e+01	-3.959e-07	6.062e+07	-2.400e+01	-2.402e-06	9.993e+06	2.190e+01	-8.712e-08
100.411	21.000	21.000	21.000	-2.100	-2.400e+01	-3.919e-07	6.124e+07	-2.400e+01	-2.432e-06	9.867e+06	2.190e+01	-9.077e-08
101.155	21.000	21.000	21.000	-2.000	-2.400e+01	-3.881e-07	6.184e+07	-2.400e+01	-2.462e-06	9.750e+06	2.190e+01	-9.413e-08
101.886	21.000	21.000	21.000	-1.900	-2.400e+01	-3.845e-07	6.242e+07	-2.400e+01	-2.488e-06	9.645e+06	2.190e+01	-9.763e-08
102.620	21.000	21.000	21.000	-1.800	-2.400e+01	-3.803e-07	6.311e+07	-2.400e+01	-2.517e-06	9.536e+06	2.190e+01	-1.015e-07
103.380	21.000	21.000	21.000	-1.700	-2.400e+01	-3.766e-07	6.373e+07	-2.400e+01	-2.544e-06	9.436e+06	2.190e+01	-1.057e-07
104.120	21.000	21.000	21.000	-1.600	-2.400e+01	-3.730e-07	6.435e+07	-2.400e+01	-2.566e-06	9.352e+06	2.190e+01	-1.093e-07
104.861	21.000	21.000	21.000	-1.500	-2.400e+01	-3.688e-07	6.507e+07	-2.400e+01	-2.591e-06	9.263e+06	2.190e+01	-1.136e-07
105.601	21.000	21.000	21.000	-1.400	-2.400e+01	-3.651e-07	6.574e+07	-2.400e+01	-2.614e-06	9.181e+06	2.190e+01	-1.178e-07
106.341	21.000	21.000	21.000	-1.300	-2.400e+01	-3.611e-07	6.646e+07	-2.400e+01	-2.637e-06	9.100e+06	2.190e+01	-1.257e-07
107.085	21.000	21.000	21.000	-1.200	-2.400e+01	-3.571e-07	6.722e+07	-2.400e+01	-2.658e-06	9.029e+06	2.190e+01	-1.306e-07
107.805	21.000	21.000	21.000	-1.100	-2.400e+01	-3.532e-07	6.796e+07	-2.400e+01	-2.676e-06	8.968e+06	2.190e+01	-1.358e-07
108.555	21.000	21.000	21.000	-1.000	-2.400e+01	-3.496e-07	6.865e+07	-2.400e+01	-2.691e-06	8.917e+06	2.190e+01	-1.412e-07
109.304	21.000	21.000	21.000	-0.900	-2.400e+01	-3.454e-07	6.949e+07	-2.400e+01	-2.710e-06	8.858e+06	2.190e+01	-1.461e-07
110.041	21.000	21.000	21.000	-0.800	-2.400e+01	-3.419e-07	7.019e+07	-2.400e+01	-2.723e-06	8.812e+06	2.190e+01	-1.511e-07
110.781	21.000	21.000	21.000	-0.700	-2.400e+01	-3.376e-07	7.110e+07	-2.400e+01	-2.738e-06	8.765e+06	2.190e+01	-1.565e-07
111.526	21.000	21.000	21.000	-0.600	-2.400e+01	-3.340e-07	7.186e+07	-2.400e+01	-2.749e-06	8.730e+06	2.190e+01	-1.619e-07
112.275	21.000	21.000	21.000	-0.500	-2.400e+01	-3.299e-07	7.276e+07	-2.400e+01	-2.763e-06	8.687e+06	2.190e+01	-1.671e-07
113.011	21.000	21.000	21.000	-0.400	-2.400e+01	-3.260e-07	7.361e+07	-2.400e+01	-2.773e-06	8.654e+06	2.190e+01	-1.766e-07
113.804	21.000	21.000	21.000	-0.300	-2.400e+01	-3.221e-07	7.452e+07	-2.400e+01	-2.782e-06	8.627e+06	2.190e+01	-1.825e-07
114.541	21.000	21.000	21.000	-0.200	-2.400e+01	-3.186e-07	7.534e+07	-2.400e+01	-2.791e-06	8.600e+06	2.190e+01	-1.878e-07
115.281	21.000	21.000	21.000	-0.100	-2.400e+01	-3.145e-07	7.630e+07	-2.400e+01	-2.796e-06	8.583e+06	2.190e+01	-1.935e-07
116.022	21.000	21.000	21.000	0.000	-2.400e+01	-3.104e-07	7.732e+07	-2.400e+01	-2.800e-06	8.570e+06	2.190e+01	-1.997e-07
116.761	21.000	21.000	21.000	0.100	-2.400e+01	-3.067e-07	7.826e+07	-2.400e+01	-2.804e-06	8.560e+06	2.190e+01	-2.055e-07
117.503	21.000	21.000	21.000	0.200	-2.400e+01	-3.027e-07	7.928e+07	-2.400e+01	-2.806e-06	8.552e+06	2.190e+01	-2.085e-07
118.241	21.000	21.000	21.000	0.300	-2.400e+01	-2.993e-07	8.019e+07	-2.400e+01	-2.806e-06	8.553e+06	2.190e+01	-2.172e-07
118.981	21.000	21.000	21.000	0.400	-2.400e+01	-2.956e-07	8.119e+07	-2.400e+01	-2.805e-06	8.555e+06	2.190e+01	-2.277e-07
119.721	21.000	21.000	21.000	0.500	-2.400e+01	-2.916e-07	8.229e+07	-2.400e+01	-2.803e-06	8.563e+06	2.190e+01	-2.340e-07
120.462	21.000	21.000	21.000	0.600	-2.400e+01	-2.877e-07	8.341e+07	-2.400e+01	-2.800e-06	8.571e+06	2.190e+01	-2.400e-07
121.262	21.000	21.000	21.000	0.700	-2.400e+01	-2.841e-07	8.447e+07	-2.400e+01	-2.797e-06	8.580e+06	2.190e+01	-2.459e-07
122.015	21.000	21.000	21.000	0.800	-2.400e+01	-2.802e-07	8.566e+07	-2.400e+01	-2.792e-06	8.595e+06	2.190e+01	-2.506e-07
122.952	21.000	21.000	21.000	0.900	-2.400e+01	-2.766e-07	8.677e+07	-2.400e+01	-2.783e-06	8.623e+06	2.190e+01	-2.596e-07
123.956	21.000	21.000	21.000	1.000	-2.400e+01	-2.727e-07	8.800e+07	-2.400e+01	-2.773e-06	8.655e+06	2.190e+01	-2.660e-07
124.702	21.000	21.000	21.000	1.100	-2.400e+01	-2.691e-07	8.918e+07	-2.400e+01	-2.762e-06	8.691e+06	2.190e+01	-2.720e-07
125.452	21.000	21.000	21.000	1.200	-2.400e+01	-2.652e-07	9.050e+07	-2.400e+01	-2.748e-06	8.734e+06	2.190e+01	-2.780e-07
126.191	21.000	21.000	21.000	1.300	-2.400e+01	-2.615e-07	9.178e+07	-2.400e+01	-2.734e-06	8.780e+06	2.190e+01	-2.839e-07
126.941	21.000	21.000	21.000	1.400	-2.400e+01	-2.580e-07	9.304e+07	-2.400e+01	-2.721e-06	8.821e+06	2.190e+01	-2.892e-07
127.685	21.000	21.000	21.000	1.500	-2.400e+01	-2.542e-07	9.440e+07	-2.400e+01	-2.705e-06	8.872e+06	2.190e+01	-2.945e-07
128.451	21.000	21.000	21.000	1.600	-2.400e+01	-2.509e-07	9.566e+07	-2.400e+01	-2.690e-06	8.922e+06	2.190e+01	-2.998e-07
129.195	21.000	21.000	21.000	1.700	-2.400e+01	-2.468e-07	9.723e+07	-2.400e+01	-2.670e-06	8.989e+06	2.190e+01	-3.043e-07
129.932	21.000	21.000	21.000	1.800	-2.400e+01	-2.434e-07	9.861e+07	-2.400e+01	-2.652e-06	9.050e+06	2.190e+01	-3.093e-07
130.671	21.000	21.000	21.000	1.900	-2.400e+01	-2.399e-07	1.000e+08	-2.400e+01	-2.633e-06	9.115e+06	2.190e+01	-3.181e-07
131.431	21.000	21.000	21.000	2.000	-2.400e+01	-2.362e-07	1.016e+08	-2.400e+01	-2.611e-06	9.192e+06	2.190e+01	-3.231e-07
132.171	21.000	21.000	21.000	2.100	-2.400e+01	-2.328e-07	1.031e+08	-2.400e+01	-2.590e-06	9.267e+06	2.190e+01	-3.278e-07
132.912	21.000	21.000	21.000	2.200	-2.400e+01	-2.292e-07	1.047e+08	-2.400e+01	-2.567e-06	9.349e+06	2.190e+01	-3.323e-07
133.652	21.000	21.000	21.000	2.300	-2.400e+01	-2.257e-07	1.063e+08	-2.400e+01	-2.542e-06	9.440e+06	2.190e+01	-3.368e-07
134.412	21.000	21.000	21.000	2.400	-2.400e+01	-2.222e-07	1.080e+08	-2.400e+01	-2.517e-06	9.536e+06	2.190e+01	-3.410e-07
135.232	21.000	21.000	21.000	2.500	-2.400e+01	-2.189e-07	1.096e+08	-2.400e+01	-2.492e-06	9.631e+06	2.190e+01	-3.472e-07
136.256	21.000	21.000	21.000	2.600	-2.400e+01	-2.153e-07	1.115e+08	-2.400e+01	-2.465e-06	9.738e+06	2.190e+01	-3.512e-07
137.402	21.000	21.000	21.000	2.700	-2.400e+01	-2.118e-07	1.133e+08	-2.400e+01	-2.438e-06	9.846e+06	2.190e+01	-3.556e-07
138.457	21.000	21.000	21.000	2.800	-2.400e+01	-2.085e-07	1.151e+08	-2.400e+01	-2.412e-06	9.951e+06	2.190e+01	-3.591e-07
139.205	21.000	21.000	21.000	2.900	-2.400e+01	-2.054e-07	1.169e+08	-2.400e+01	-2.386e-06	1.006e+07	2.190e+01	-3.610e-07
139.956	21.000	21.000	21.000	3.000	-2.400e+01	-2.024e-07	1.186e+08	-2.400e+01	-2.361e-06	1.017e+07	2.190e+01	-3.643e-07
140.741	21.000	21.000	21.000	3.100	-2.400e+01	-1.985e-07	1.209e+08	-2.400e+01	-2.327e-06	1.031e+07	2.190e+01	-3.698e-07
141.483	21.000	21.000	21.000	3.200	-2.400e+01	-1.955e-07	1.228e+08	-2.400e+01	-2.299e-06	1.044e+07	2.190e+01	-3.726e-07
142.222	21.000	21.000	21.000	3.300	-2.400e+01	-1.926e-07	1.246e+08	-2.400e+01	-2.273e-06	1.056e+07	2.190e+01	-3.753e-07
142.963	21.000	21.000	21.000	3.400	-2.400e+01	-1.890e-07	1.270e+08	-2.400e+01	-2.241e-06	1.071e+07	2.190e+01	-3.781e-07
143.735	21.000	21.000	21.000	3.500	-2.400e+01	-1.860e-07	1.290e+08	-2.400e+01	-2.213e-06	1.085e+07	2.190e+01	-3.806e-07
144.483	21.000	21.000	21.000	3.600	-2.400e+01	-1.829e-07	1.312e+08	-2.400e+01	-2.183e-06	1.099e+07	2.190e+01	-3.821e-07
145.222	21.000	21.000	21.000	3.700	-2.400e+01	-1.796e-07	1.336e+08	-2.400e+01	-2.151e-06	1.116e+07	2.190e+01	-3.869e-07
145.962	21.000	21.000	21.000	3.800	-2.400e+01	-1.764e-07	1.360e+08	-2.400e+01	-2.120e-06	1.132e+07	2.190e+01	-3.891e-07
146.702	21.000	21.000	21.000	3.900	-2.400e+01	-1.734e-07	1.384e+08	-2.400e+01	-2.090e-06	1.148e+07	2.190e+01	-3.912e-07
147.454	21.000	21.000	21.000	4.000	-2.400e+01	-1.704e-07	1.408e+08	-2.400e+01	-2.062e-06	1.164e+07	2.190e+01	-3.931e-07
148.192	21.000	21.000	21.000	4.100	-2.400e+01	-1.673e-07	1.434e+08	-2.400e+01	-2.032e-06	1.181e+07	2.190e+01	-3.948e-07
148.932	21.000	21.000	21.000	4.200	-2.400e+01	-1.642e-07	1.462e+08	-2.400e+01	-2.001e-06	1.199e+07	2.190e+01	-3.965e-07
149.676	21.000	21.000	21.000	4.300	-2.400e+01	-1.612e-07	1.489e+08	-2.400e+01	-1.973e-06	1.217e+07	2.190e+01	-3.981e-07
150.436	21.000	21.000	21.000	4.400	-2.400e+01	-1.581e-07	1.518e+08	-2.400e+01	-1.943e-06	1.235e+07	2.190e+01	-3.989e-07
151.172	21.000	21.000	21.000	4.500	-2.400e+01	-1.554e-07	1.544e+08	-2.400e+01	-1.916e-06	1.253e+07	2.190e+01	-4.019e-07
151.912	21.000	21.000	21.000	4.600	-2.400e+01	-1.527e-07	1.572e+08	-2.400e+01	-1.889e-06	1.271e+07	2.190e+01	-4.031e-07
152.652	21.000	21.000	21.000	4.700	-2.400e+01	-1.496e-07	1.604e+08	-2.400e+01	-1.858e-06	1.291e+07	2.190e+01	-4.043e-07
153.413	21.000	21.000	21.000	4.800	-2.400e+01	-1.467e-07	1.636e+08	-2.400e+01	-1.829e-06	1.312e+07	2.190e+01	-4.055e-07
154.152	21.000	21.000	21.000	4.900	-2.400e+01	-1.440e-07	1.667e+08	-2.400e+01	-1.802e-06	1.332e+07	2.190e+01	-4.058e-07
154.892	21.000	21.000	21.000	5.000	-2.400e+01	-1.413e-07	1.699e+08	-2.400e+01	-1.776e-06	1.352e+07	2.190e+01	-4.070e-07
155.666	21.000	21.000	21.000	5.100	-2.400e+01	-1.386e-07	1.732e+08	-2.400e+01	-1.750e-06	1.372e+07	2.190e+01	-4.075e-07
156.416	21.000	21.000	21.000	5.200	-2.400e+01	-1.359e-07	1.766e+08	-2.400e+01	-1.723e-06	1.393e+07	2.190e+01	-4.090e-07
157.152	21.000	21.000	21.000	5.300	-2.400e+01	-1.333e-07	1.800e+08	-2.400e+01	-1.697e-06	1.414e+07	2.190e+01	-4.104e-07
157.893	21.000	21.000	21.000	5.400	-2.400e+01	-1.306e-07	1.838e+08	-2.400e+01	-1.671e-06	1.436e+07	2.190e+01	-4.106e-07
158.612	21.000	21.000	21.000	5.500	-2.400e+01	-1.280e-07	1.874e+08	-2.400e+01	-1.646e-06	1.458e+07	2.190e+01	-4.110e-07
159.353	21.000	21.000	21.000	5.600	-2.400e+01	-1.254e-07	1.914e+08	-2.400e+01	-1.620e-06	1.482e+07	2.190e+01	-4.121e-07
160.102	21.000	21.000	21.000	5.700	-2.400e+01	-1.228e-07	1.955e+08	-2.400e+01	-1.594e-06	1.505e+07	2.190e+01	-4.124e-07
160.842	21.000	21.000	21.000	5.800	-2.400e+01	-1.201e-07	1.998e+08	-2.400e+01	-1.568e-06	1.531e+07	2.190e+01	-4.127e-07
161.583	21.000	21.000	21.000	5.900	-2.400e+01	-1.177e-07	2.039e+08	-2.400e+01	-1.545e-06	1.553e+07	2.190e+01	-4.139e-07
162.334	21.000	21.000	21.000	6.000	-2.400e+01	-1.154e-07	2.080e+08	-2.400e+01	-1.523e-06	1.576e+07	2.190e+01	-4.142e-07
163.083	21.000	21.000	21.000	6.100	-2.400e+01	-1.128e-07	2.129e+08	-2.400e+01	-1.498e-06	1.602e+07	2.190e+01	-4.145e-07
163.822	21.000	21.000	21.000	6.200	-2.400e+01	-1.105e-07	2.172e+08	-2.400e+01	-1.477e-06	1.625e+07	2.190e+01	-4.150e-07
164.563	21.000	21.000	21.000	6.300	-2.400e+01	-1.083e-07	2.216e+08	-2.400e+01	-1.456e-06	1.648e+07	2.190e+01	-4.155e-07
165.302	21.000	21.000	21.000	6.400	-2.400e+01	-1.059e-07	2.267e+08	-2.400e+01	-1.434e-06	1.674e+07	2.190e+01	-4.159e-07
166.042	21.000	21.000	21.000	6.500	-2.400e+01	-1.036e-07	2.318e+08	-2.400e+01	-1.411e-06	1.701e+07	2.190e+01	-4.163e-07
166.783	21.000	21.000	21.000	6.600	-2.400e+01	-1.013e-07	2.370e+08	-2.400e+01	-1.390e-06	1.727e+07	2.190e+01	-4.167e-07
167.532	21.000	21.000	21.000	6.700	-2.400e+01	-9.903e-08	2.423e+08	-2.400e+01	-1.369e-06	1.753e+07	2.190e+01	-4.171e-07
168.273	21.000	21.000	21.000	6.800	-2.400e+01	-9.693e-08	2.476e+08	-2.400e+01	-1.351e-06	1.777e+07	2.190e+01	-4.175e-07
169.012	21.000	21.000	21.000	6.900	-2.400e+01	-9.474e-08	2.533e+08	-2.400e+01	-1.331e-06	1.803e+07	2.190e+01	-4.178e-07
169.763	21.000	21.000	21.000	7.000	-2.400e+01	-9.254e-08	2.594e+08	-2.400e+01	-1.310e-06	1.831e+07	2.190e+01	-4.182e-07
170.524	21.000	21.000	21.000	7.100	-2.400e+01	-9.047e-08	2.653e+08	-2.400e+01	-1.292e-06	1.857e+07	2.190e+01	-4.185e-07
171.263	21.000	21.000	21.000	7.200	-2.400e+01	-8.838e-08	2.716e+08	-2.400e+01	-1.274e-06	1.884e+07	2.190e+01	-4.188e-07
172.003	21.000	21.000	21.000	7.300	-2.400e+01	-8.627e-08	2.782e+08	-2.400e+01	-1.256e-06	1.911e+07	2.190e+01	-4.191e-07
173.043	21.000	21.000	21.000	7.400	-2.400e+01	-8.441e-08	2.843e+08	-2.400e+01	-1.240e-06	1.936e+07	2.190e+01	-4.195e-07
174.175	21.000	21.000	21.000	7.500	-2.400e+01	-8.242e-08	2.912e+08	-2.400e+01	-1.223e-06	1.962e+07	2.190e+01	-4.199e-07
175.334	21.000	21.000	21.000	7.600	-2.400e+01	-8.041e-08	2.985e+08	-2.400e+01	-1.207e-06	1.989e+07	2.190e+01	-4.201e-07
176.072	21.000	21.000	21.000	7.700	-2.400e+01	-7.849e-08	3.058e+08	-2.400e+01	-1.190e-06	2.017e+07	2.190e+01	-4.203e-07
176.823	21.000	21.000	21.000	7.800	-2.400e+01	-7.670e-08	3.129e+08	-2.400e+01	-1.175e-06	2.043e+07	2.190e+01	-4.204e-07
177.543	21.000	21.000	21.000	7.900	-2.400e+01	-7.478e-08	3.210e+08	-2.400e+01	-1.158e-06	2.073e+07	2.190e+01	-4.207e-07
178.283	21.000	21.000	21.000	8.000	-2.400e+01	-7.289e-08	3.293e+08	-2.400e+01	-1.142e-06	2.102e+07	2.190e+01	-4.209e-07
179.103	21.000	21.000	21.000	8.100	-2.400e+01	-7.099e-08	3.381e+08	-2.400e+01	-1.125e-06	2.133e+07	2.190e+01	-4.212e-07
179.843	21.000	21.000	21.000	8.200	-2.400e+01	-6.931e-08	3.463e+08	-2.400e+01	-1.111e-06	2.160e+07	2.190e+01	-4.214e-07
180.574	21.000	21.000	21.000	8.300	-2.400e+01	-6.755e-08	3.553e+08	-2.400e+01	-1.096e-06	2.190e+07	2.190e+01	-4.216e-07
181.324	21.000	21.000	21.000	8.400	-2.400e+01	-6.592e-08	3.641e+08	-2.400e+01	-1.083e-06	2.217e+07	2.190e+01	-4.218e-07
182.067	21.000	21.000	21.000	8.500	-2.400e+01	-6.418e-08	3.740e+08	-2.400e+01	-1.068e-06	2.248e+07	2.190e+01	-4.220e-07
182.817	21.000	21.000	21.000	8.600	-2.400e+01	-6.254e-08	3.837e+08	-2.400e+01	-1.054e-06	2.276e+07	2.190e+01	-4.222e-07
183.563	21.000	21.000	21.000	8.700	-2.400e+01	-6.097e-08	3.936e+08	-2.400e+01	-1.040e-06	2.307e+07	2.190e+01	-4.224e-07
184.303	21.000	21.000	21.000	8.800	-2.400e+01	-5.920e-08	4.054e+08	-2.400e+01	-1.026e-06	2.340e+07	2.190e+01	-4.226e-07
185.053	21.000	21.000	21.000	8.900	-2.400e+01	-5.763e-08	4.164e+08	-2.400e+01	-1.012e-06	2.371e+07	2.190e+01	-4.228e-07
185.793	21.000	21.000	21.000	9.000	-2.400e+01	-5.614e-08	4.275e+08	-2.400e+01	-9.991e-07	2.402e+07	2.190e+01	-4.230e-07
186.563	21.000	21.000	21.000	9.100	-2.400e+01	-5.460e-08	4.395e+08	-2.400e+01	-9.861e-07	2.434e+07	2.190e+01	-4.232e-07
187.325	21.000	21.000	21.000	9.200	-2.400e+01	-5.315e-08	4.515e+08	-2.400e+01	-9.739e-07	2.464e+07	2.190e+01	-4.234e-07
188.082	21.000	21.000	21.000	9.300	-2.400e+01	-5.172e-08	4.640e+08	-2.400e+01	-9.613e-07	2.497e+07	2.190e+01	-4.236e-07
188.827	21.000	21.000	21.000	9.400	-2.400e+01	-5.028e-08	4.773e+08	-2.400e+01	-9.490e-07	2.529e+07	2.190e+01	-4.238e-07
189.577	21.000	21.000	21.000	9.500	-2.400e+01	-4.892e-08	4.906e+08	-2.400e+01	-9.370e-07	2.561e+07	2.190e+01	-4.240e-07
190.334	21.000	21.000	21.000	9.600	-2.400e+01	-4.751e-08	5.052e+08	-2.400e+01	-9.249e-07	2.595e+07	2.190e+01	-4.241e-07
191.073	21.000	21.000	21.000	9.700	-2.400e+01	-4.617e-08	5.199e+08	-2.400e+01	-9.129e-07	2.629e+07	2.190e+01	-4.243e-07
191.813	21.000	21.000	21.000	9.800	-2.400e+01	-4.485e-08	5.351e+08	-2.400e+01	-9.014e-07	2.663e+07	2.190e+01	-4.245e-07
192.524	21.000	21.000	21.000	9.900	-2.400e+01	-4.346e-08	5.523e+08	-2.400e+01	-8.895e-07	2.698e+07	2.190e+01	-4.246e-07
193.263	21.000	21.000	21.000	10.000	-2.400e+01	-4.219e-08	5.688e+08	-2.400e+01	-8.781e-07	2.733e+07	2.190e+01	-4.248e-07
194.013	21.000	21.000	21.000	10.100	-2.400e+01	-4.091e-08	5.867e+08	-2.400e+01	-8.663e-07	2.770e+07	2.190e+01	-4.249e-07
194.754	21.000	21.000	21.000	10.200	-2.400e+01	-3.973e-08	6.041e+08	-2.400e+01	-8.553e-07	2.806e+07	2.190e+01	-4.251e-07
195.494	21.000	21.000	21.000	10.300	-2.400e+01	-3.838e-08	6.253e+08	-2.400e+01	-8.432e-07	2.846e+07	2.190e+01	-4.253e-07
196.325	21.000	21.000	21.000	10.400	-2.400e+01	-3.724e-08	6.445e+08	-2.400e+01	-8.321e-07	2.884e+07	2.190e+01	-4.255e-07
197.077	21.000	21.000	21.000	10.500	-2.400e+01	-3.604e-08	6.660e+08	-2.400e+01	-8.220e-07	2.920e+07	2.190e+01	-4.256e-07
197.827	21.000	21.000	21.000	10.600	-2.400e+01	-3.495e-08	6.866e+08	-2.400e+01	-8.111e-07	2.959e+07	2.190e+01	-4.257e-07
198.573	21.000	21.000	21.000	10.700	-2.400e+01	-3.383e-08	7.093e+08	-2.400e+01	-8.010e-07	2.996e+07	2.190e+01	-4.259e-07
199.325	21.000	21.000	21.000	10.800	-2.400e+01	-3.277e-08	7.323e+08	-2.400e+01	-7.908e-07	3.035e+07	2.190e+01	-4.261e-07
200.073	21.000	21.000	21.000	10.900	-2.400e+01	-3.159e-08	7.597e+08	-2.400e+01	-7.799e-07	3.077e+07	2.190e+01	-4.262e-07
200.813	21.000	21.000	21.000	11.000	-2.400e+01	-3.063e-08	7.836e+08	-2.400e+01	-7.703e-07	3.116e+07	2.190e+01	-4.263e-07
201.554	21.000	21.000	21.000	11.100	-2.400e+01	-2.963e-08	8.099e+08	-2.400e+01	-7.599e-07	3.158e+07	2.190e+01	-4.265e-07
202.293	21.000	21.000	21.000	11.200	-2.400e+01	-2.859e-08	8.393e+08	-2.400e+01	-7.497e-07	3.201e+07	2.190e+01	-4.266e-07
203.034	21.000	21.000	21.000	11.300	-2.400e+01	-2.760e-08	8.697e+08	-2.400e+01	-7.393e-07	3.246e+07	2.190e+01	-4.267e-07
203.816	21.000	21.000	21.000	11.400	-2.400e+01	-2.662e-08	9.015e+08	-2.400e+01	-7.294e-07	3.290e+07	2.190e+01	-4.269e-07
204.563	21.000	21.000	21.000	11.500	-2.400e+01	-2.570e-08	9.340e+08	-2.400e+01	-7.201e-07	3.333e+07	2.190e+01	-4.271e-07
205.304	21.000	21.000	21.000	11.600	-2.400e+01	-2.478e-08	9.687e+08	-2.400e+01	-7.105e-07	3.378e+07	2.190e+01	-4.272e-07
206.043	21.000	21.000	21.000	11.700	-2.400e+01	-2.385e-08	1.006e+09	-2.400e+01	-7.007e-07	3.425e+07	2.190e+01	-4.273e-07
206.784	21.000	21.000	21.000	11.800	-2.400e+01	-2.301e-08	1.043e+09	-2.400e+01	-6.916e-07	3.470e+07	2.190e+01	-4.274e-07
207.525	21.000	21.000	21.000	11.900	-2.400e+01	-2.223e-08	1.080e+09	-2.400e+01	-6.826e-07	3.516e+07	2.190e+01	-4.275e-07
208.274	21.000	21.000	21.000	12.000	-2.400e+01	-2.132e-08	1.126e+09	-2.400e+01	-6.726e-07	3.568e+07	2.190e+01	-4.276e-07
209.013	21.000	21.000	21.000	12.100	-2.400e+01	-2.049e-08	1.171e+09	-2.400e+01	-6.634e-07	3.617e+07	2.190e+01	-4.278e-07
209.754	21.000	21.000	21.000	12.200	-2.400e+01	-1.977e-08	1.214e+09	-2.400e+01	-6.545e-07	3.667e+07	2.190e+01	-4.279e-07
210.703	21.000	21.000	21.000	12.300	-2.400e+01	-1.908e-08	1.258e+09	-2.400e+01	-6.462e-07	3.714e+07	2.190e+01	-4.281e-07
211.495	21.000	21.000	21.000	12.400	-2.400e+01	-1.832e-08	1.310e+09	-2.400e+01	-6.370e-07	3.767e+07	2.190e+01	-4.282e-07
212.234	21.000	21.000	21.000	12.500	-2.400e+01	-1.765e-08	1.360e+09	-2.400e+01	-6.281e-07	3.821e+07	2.190e+01	-4.283e-07
212.983	21.000	21.000	21.000	12.600	-2.400e+01	-1.693e-08	1.417e+09	-2.400e+01	-6.188e-07	3.879e+07	2.190e+01	-4.284e-07
213.724	21.000	21.000	21.000	12.700	-2.400e+01	-1.627e-08	1.475e+09	-2.400e+01	-6.104e-07	3.932e+07	2.190e+01	-4.285e-07
214.465	21.000	21.000	21.000	12.800	-2.400e+01	-1.558e-08	1.540e+09	-2.400e+01	-6.021e-07	3.986e+07	2.190e+01	-4.286e-07
215.204	21.000	21.000	21.000	12.900	-2.400e+01	-1.490e-08	1.611e+09	-2.400e+01	-5.933e-07	4.045e+07	2.190e+01	-4.287e-07
215.954	21.000	21.000	21.000	13.000	-2.400e+01	-1.436e-08	1.671e+09	-2.400e+01	-5.849e-07	4.103e+07	2.190e+01	-4.288e-07
216.694	21.000	21.000	21.000	13.100	-2.400e+01	-1.373e-08	1.748e+09	-2.400e+01	-5.768e-07	4.161e+07	2.190e+01	-4.290e-07
217.454	21.000	21.000	21.000	13.200	-2.400e+01	-1.310e-08	1.832e+09	-2.400e+01	-5.685e-07	4.222e+07	2.190e+01	-4.291e-07
218.194	21.000	21.000	21.000	13.300	-2.400e+01	-1.262e-08	1.902e+09	-2.400e+01	-5.608e-07	4.280e+07	2.190e+01	-4.292e-07
218.944	21.000	21.000	21.000	13.400	-2.400e+01	-1.204e-08	1.994e+09	-2.400e+01	-5.525e-07	4.344e+07	2.190e+01	-4.293e-07
219.693	21.000	21.000	21.000	13.500	-2.400e+01	-1.155e-08	2.078e+09	-2.400e+01	-5.447e-07	4.406e+07	2.190e+01	-4.294e-07
220.455	21.000	21.000	21.000	13.600	-2.400e+01	-1.106e-08	2.171e+09	-2.400e+01	-5.367e-07	4.472e+07	2.190e+01	-4.295e-07
221.203	21.000	21.000	21.000	13.700	-2.400e+01	-1.060e-08	2.265e+09	-2.400e+01	-5.291e-07	4.536e+07	2.190e+01	-4.296e-07
221.945	21.000	21.000	21.000	13.800	-2.400e+01	-1.017e-08	2.359e+09	-2.400e+01	-5.212e-07	4.604e+07	2.190e+01	-4.298e-07
222.684	21.000	21.000	21.000	13.900	-2.400e+01	-9.725e-09	2.468e+09	-2.400e+01	-5.137e-07	4.672e+07	2.190e+01	-4.298e-07
223.443	21.000	21.000	21.000	14.000	-2.400e+01	-9.331e-09	2.572e+09	-2.400e+01	-5.065e-07	4.738e+07	2.190e+01	-4.299e-07
224.184	21.000	21.000	21.000	14.100	-2.400e+01	-8.925e-09	2.689e+09	-2.400e+01	-4.987e-07	4.813e+07	2.190e+01	-4.300e-07
224.924	21.000	21.000	21.000	14.200	-2.400e+01	-8.598e-09	2.791e+09	-2.400e+01	-4.911e-07	4.887e+07	2.190e+01	-4.301e-07
225.664	21.000	21.000	21.000	14.300	-2.400e+01	-8.238e-09	2.913e+09	-2.400e+01	-4.838e-07	4.961e+07	2.190e+01	-4.302e-07
226.423	21.000	21.000	21.000	14.400	-2.400e+01	-7.897e-09	3.039e+09	-2.400e+01	-4.761e-07	5.041e+07	2.190e+01	-4.303e-07
227.164	21.000	21.000	21.000	14.500	-2.400e+01	-7.548e-09	3.179e+09	-2.400e+01	-4.686e-07	5.122e+07	2.190e+01	-4.304e-07
227.915	21.000	21.000	21.000	14.600	-2.400e+01	-7.278e-09	3.297e+09	-2.400e+01	-4.614e-07	5.202e+07	2.190e+01	-4.306e-07
228.664	21.000	21.000	21.000	14.700	-2.400e+01	-6.961e-09	3.448e+09	-2.400e+01	-4.539e-07	5.288e+07	2.190e+01	-4.306e-07
229.424	21.000	21.000	21.000	14.800	-2.400e+01	-6.608e-09	3.632e+09	-2.400e+01	-4.462e-07	5.378e+07	2.190e+01	-4.307e-07
230.174	21.000	21.000	21.000	14.900	-2.400e+01	-6.316e-09	3.800e+09	-2.400e+01	-4.391e-07	5.466e+07	2.190e+01	-4.308e-07
230.914	21.000	21.000	21.000	15.000	-2.400e+01	-6.085e-09	3.944e+09	-2.400e+01	-4.316e-07	5.561e+07	2.190e+01	-4.309e-07
